0 0.1625 0.53125 0.3125 0.271875
0 0.26953125 0.15 0.140625 0.0828125
0 0.275 0.05 0.128125 0.090625
0 0.521875 0.46171875 0.1125 0.0859375
0 0.3609375 0.36484375 0.1078125 0.078125
0 0.24296875 0.29453125 0.0859375 0.059375
0 0.15546875 0.35703125 0.1375 0.0734375
0 0.45859375 0.56171875 0.271875 0.2109375
0 0.23125 0.746875 0.196875 0.1375
0 0.4171875 0.7578125 0.15625 0.1234375
0 0.309375 0.8765625 0.1890625 0.0859375
0 0.5625 0.83203125 0.075 0.0640625
0 0.44140625 0.96875 0.0546875 0.0453125
0 0.07109375 0.7375 0.1078125 0.096875
0 0.07265625 0.9375 0.1046875 0.06875