0 0.409375 0.4875 0.0609375 0.0671875
0 0.56796875 0.18203125 0.040625 0.040625
0 0.5203125 0.2953125 0.078125 0.0859375
0 0.3765625 0.26171875 0.15 0.1
0 0.21953125 0.05546875 0.0515625 0.0625
0 0.35625 0.08515625 0.0609375 0.06875
0 0.49375 0.1421875 0.0578125 0.0734375
0 0.68125 0.1125 0.0578125 0.059375
0 0.75 0.25546875 0.0578125 0.0828125
0 0.35 0.8953125 0.1125 0.0640625
0 0.3859375 0.61953125 0.109375 0.059375
0 0.60234375 0.47890625 0.0578125 0.09375
0 0.48671875 0.3953125 0.0390625 0.04375
0 0.74453125 0.390625 0.040625 0.0640625
0 0.6359375 0.26796875 0.125 0.140625
0 0.2609375 0.7640625 0.0828125 0.1078125
0 0.47578125 0.77890625 0.1234375 0.2328125
0 0.20546875 0.47578125 0.0203125 0.04375
0 0.5515625 0.4046875 0.0625 0.0484375