0 0.3703125 0.09921875 0.0546875 0.034375
0 0.32421875 0.14609375 0.0625 0.05625
0 0.325 0.0328125 0.0640625 0.034375
0 0.7859375 0.5921875 0.0453125 0.0390625
0 0.725 0.5203125 0.04375 0.0390625
0 0.65078125 0.590625 0.0484375 0.028125
0 0.3375 0.5234375 0.0546875 0.0375
0 0.7 0.45078125 0.0359375 0.0359375
0 0.56484375 0.70234375 0.0515625 0.034375
0 0.809375 0.6953125 0.103125 0.059375
0 0.6390625 0.715625 0.0515625 0.04375
0 0.48515625 0.14609375 0.0265625 0.03125
0 0.66015625 0.52578125 0.04375 0.0359375
0 0.31796875 0.2578125 0.0265625 0.0296875
0 0.375 0.4125 0.040625 0.03125