0 0.52265625 0.35703125 0.0359375 0.0640625
0 0.44375 0.29296875 0.0703125 0.09375
0 0.35390625 0.60703125 0.0375 0.05
0 0.6 0.63125 0.0421875 0.0984375
0 0.77890625 0.29140625 0.084375 0.146875
0 0.6390625 0.1859375 0.0359375 0.0609375
0 0.73203125 0.17109375 0.0703125 0.071875
0 0.4109375 0.184375 0.046875 0.0375
0 0.6578125 0.4828125 0.153125 0.146875
0 0.50546875 0.65390625 0.153125 0.1578125
0 0.5453125 0.81796875 0.0484375 0.075
0 0.43515625 0.81953125 0.1265625 0.14375
0 0.3015625 0.7875 0.0625 0.075
0 0.23203125 0.69921875 0.0546875 0.05625
0 0.13359375 0.42265625 0.0484375 0.0640625
0 0.240625 0.13125 0.0484375 0.0421875
0 0.5890625 0.065625 0.1328125 0.1171875
0 0.57734375 0.2203125 0.028125 0.053125
0 0.96328125 0.09765625 0.05625 0.0828125