0 0.55078125 0.65546875 0.2046875 0.2453125
0 0.10703125 0.5625 0.2140625 0.234375
0 0.3078125 0.6140625 0.1890625 0.1515625
0 0.2328125 0.04921875 0.053125 0.0484375
0 0.325 0.26484375 0.0453125 0.05
0 0.64609375 0.20703125 0.0515625 0.059375
0 0.40546875 0.08984375 0.0953125 0.0546875
0 0.296875 0.178125 0.0890625 0.0953125
0 0.86328125 0.5609375 0.053125 0.059375
0 0.71015625 0.640625 0.0328125 0.05
0 0.7734375 0.7671875 0.0609375 0.0640625
0 0.29609375 0.93359375 0.04375 0.046875
0 0.46484375 0.9484375 0.040625 0.0328125