0 0.4359375 0.12890625 0.078125 0.109375
0 0.63671875 0.4875 0.09375 0.0828125
0 0.6296875 0.22421875 0.065625 0.071875
0 0.75703125 0.21875 0.0421875 0.0625
0 0.7875 0.425 0.08125 0.2328125
0 0.425 0.221875 0.05 0.0875
0 0.17734375 0.47421875 0.078125 0.1234375
0 0.29921875 0.9125 0.0734375 0.109375
0 0.05390625 0.89140625 0.0625 0.0515625
0 0.196875 0.91015625 0.1 0.0984375
0 0.51171875 0.60546875 0.0578125 0.0875
0 0.53125 0.36328125 0.178125 0.071875
0 0.0328125 0.46875 0.065625 0.1859375
0 0.44765625 0.7375 0.0546875 0.0671875