0 0.3515625 0.38671875 0.0546875 0.134375
0 0.4515625 0.3328125 0.065625 0.1296875
0 0.38046875 0.1703125 0.05 0.103125
0 0.6140625 0.4328125 0.16875 0.3
0 0.7203125 0.21171875 0.1390625 0.0984375
0 0.73359375 0.41015625 0.0703125 0.284375
0 0.80859375 0.571875 0.046875 0.0625
0 0.8703125 0.48203125 0.0734375 0.071875
0 0.57734375 0.234375 0.128125 0.103125
0 0.590625 0.7859375 0.18125 0.2421875
0 0.5578125 0.6265625 0.0625 0.0875
0 0.76484375 0.65234375 0.0703125 0.071875
0 0.43828125 0.6828125 0.0703125 0.0875
0 0.425 0.928125 0.096875 0.1296875
0 0.5484375 0.940625 0.0421875 0.0671875
0 0.459375 0.5078125 0.0890625 0.134375
0 0.60390625 0.115625 0.1203125 0.103125
0 0.48046875 0.20625 0.065625 0.0875
0 0.17734375 0.4046875 0.046875 0.0875