0 0.44453125 0.196875 0.0421875 0.0578125
0 0.57578125 0.5375 0.09375 0.1609375
0 0.771875 0.27734375 0.0546875 0.0828125
0 0.75234375 0.1375 0.0421875 0.06875
0 0.81796875 0.16796875 0.0453125 0.06875
0 0.64375 0.1 0.0296875 0.05
0 0.503125 0.25078125 0.0265625 0.0578125
0 0.7046875 0.26015625 0.03125 0.0671875
0 0.7234375 0.38203125 0.1125 0.0984375
0 0.68046875 0.546875 0.0390625 0.0796875
0 0.3828125 0.51171875 0.065625 0.1125
0 0.390625 0.271875 0.0390625 0.0640625
0 0.43515625 0.440625 0.0859375 0.0703125
0 0.48515625 0.5953125 0.053125 0.1234375
0 0.3671875 0.68828125 0.0234375 0.046875
0 0.5921875 0.68671875 0.0734375 0.1
0 0.43515625 0.70546875 0.0484375 0.1265625
0 0.23359375 0.85546875 0.05 0.059375
0 0.35 0.821875 0.0953125 0.0640625
0 0.4828125 0.8421875 0.0296875 0.0578125
0 0.37421875 0.9125 0.1234375 0.0875
0 0.49453125 0.125 0.0984375 0.0875
0 0.6921875 0.19765625 0.034375 0.0453125
0 0.2546875 0.14453125 0.0515625 0.0765625
0 0.60625 0.296875 0.0359375 0.0609375