0 0.571875 0.190625 0.115625 0.10625
0 0.271875 0.084375 0.0875 0.1421875
0 0.20859375 0.24765625 0.028125 0.0625
0 0.13125 0.3875 0.090625 0.0890625
0 0.23125 0.63046875 0.0921875 0.16875
0 0.53359375 0.59296875 0.0453125 0.0671875
0 0.61953125 0.53984375 0.10625 0.146875
0 0.39453125 0.56875 0.2109375 0.159375
0 0.540625 0.7234375 0.0640625 0.10625
0 0.33359375 0.23046875 0.078125 0.1109375
0 0.46484375 0.0375 0.0671875 0.0671875
0 0.696875 0.10859375 0.0515625 0.0671875
0 0.784375 0.0375 0.08125 0.0578125
0 0.4453125 0.21875 0.05625 0.0671875
0 0.17890625 0.45546875 0.053125 0.040625