0 0.4234375 0.57109375 0.1828125 0.2328125
0 0.2109375 0.425 0.0734375 0.0453125
0 0.21796875 0.56328125 0.0421875 0.071875
0 0.25859375 0.72734375 0.0421875 0.0703125
0 0.290625 0.4859375 0.0390625 0.1015625
0 0.32265625 0.6328125 0.046875 0.071875
0 0.37265625 0.334375 0.1046875 0.0859375
0 0.62734375 0.47578125 0.0859375 0.15
0 0.5203125 0.76328125 0.1359375 0.1453125
0 0.56640625 0.61875 0.1109375 0.121875
0 0.3828125 0.81484375 0.1203125 0.1015625
0 0.24375 0.83046875 0.0375 0.05625
0 0.665625 0.93125 0.078125 0.0796875
0 0.521875 0.91796875 0.1625 0.1640625
0 0.73671875 0.74453125 0.0828125 0.11875
0 0.78125 0.515625 0.059375 0.0671875
0 0.709375 0.41953125 0.0390625 0.059375
0 0.8140625 0.27109375 0.028125 0.0515625
0 0.85390625 0.478125 0.01875 0.0265625
0 0.5421875 0.3890625 0.0671875 0.0421875