0 0.4125 0.54296875 0.171875 0.303125
0 0.446875 0.7859375 0.1671875 0.1640625
0 0.6203125 0.5671875 0.0703125 0.140625
0 0.5390625 0.6171875 0.0859375 0.1078125
0 0.6453125 0.3734375 0.1609375 0.125
0 0.77734375 0.5421875 0.053125 0.065625
0 0.79140625 0.43046875 0.06875 0.0796875
0 0.68515625 0.6296875 0.0359375 0.0625
0 0.7125 0.4953125 0.078125 0.1015625
0 0.5328125 0.4765625 0.0671875 0.1421875
0 0.7484375 0.72734375 0.0546875 0.0625
0 0.6578125 0.80078125 0.0546875 0.065625
0 0.5765625 0.81171875 0.040625 0.05625
0 0.43125 0.94609375 0.24375 0.096875
0 0.2640625 0.7390625 0.04375 0.053125
0 0.23984375 0.515625 0.090625 0.0640625
0 0.759375 0.8296875 0.040625 0.0640625