0 0.3453125 0.82890625 0.15 0.309375
0 0.128125 0.2828125 0.0484375 0.11875
0 0.115625 0.540625 0.1 0.2578125
0 0.19296875 0.4234375 0.0671875 0.11875
0 0.2046875 0.115625 0.034375 0.0890625
0 0.25546875 0.24765625 0.040625 0.075
0 0.4375 0.30703125 0.0484375 0.075
0 0.46484375 0.10546875 0.08125 0.11875
0 0.55703125 0.08671875 0.1046875 0.153125
0 0.5953125 0.61328125 0.153125 0.3125
0 0.59453125 0.82578125 0.046875 0.109375
0 0.584375 0.9421875 0.1109375 0.115625
0 0.47734375 0.7015625 0.09375 0.1734375
0 0.7859375 0.8828125 0.1609375 0.2171875
0 0.77734375 0.67265625 0.20625 0.1796875
0 0.55390625 0.240625 0.078125 0.090625
0 0.21328125 0.91875 0.1203125 0.15625
0 0.440625 0.48984375 0.1109375 0.2484375
0 0.2734375 0.36640625 0.1203125 0.1359375