0 0.42421875 0.58046875 0.0875 0.103125
0 0.15703125 0.6859375 0.0640625 0.078125
0 0.28671875 0.834375 0.1265625 0.175
0 0.14765625 0.82734375 0.1828125 0.203125
0 0.465625 0.87734375 0.0421875 0.0515625
0 0.43359375 0.803125 0.05 0.0578125
0 0.33203125 0.765625 0.0359375 0.05
0 0.86015625 0.27890625 0.046875 0.0640625
0 0.87734375 0.3671875 0.075 0.059375
0 0.59296875 0.29375 0.059375 0.0859375
0 0.64609375 0.49921875 0.0734375 0.1265625
0 0.21328125 0.40625 0.0734375 0.0390625
0 0.40625 0.47421875 0.08125 0.0828125
0 0.5234375 0.32734375 0.0890625 0.0609375
0 0.93046875 0.2234375 0.1125 0.1140625
0 0.9828125 0.3453125 0.034375 0.025
0 0.7765625 0.5359375 0.1375 0.265625
0 0.634375 0.71484375 0.1765625 0.1921875
0 0.44375 0.703125 0.2125 0.1296875
0 0.51640625 0.5546875 0.0828125 0.1140625
0 0.2984375 0.34375 0.025 0.0640625
0 0.303125 0.63515625 0.1484375 0.14375