0 0.87734375 0.234375 0.1890625 0.11875
0 0.7734375 0.16796875 0.0078125 0.015625
0 0.6890625 0.246875 0.16875 0.1859375
0 0.36640625 0.31796875 0.265625 0.3203125
0 0.5796875 0.70625 0.0546875 0.1046875
0 0.5765625 0.83828125 0.203125 0.1203125
0 0.55859375 0.9703125 0.0828125 0.059375
0 0.6765625 0.9734375 0.0625 0.053125
0 0.834375 0.8265625 0.2296875 0.1046875
0 0.79921875 0.63359375 0.2015625 0.128125
0 0.6703125 0.515625 0.0859375 0.121875
0 0.821875 0.5109375 0.05 0.1015625
0 0.92578125 0.43125 0.075 0.1671875
0 0.46796875 0.6515625 0.1015625 0.1484375
0 0.58125 0.09609375 0.103125 0.1125
0 0.5625 0.38671875 0.0734375 0.353125
0 0.1421875 0.24453125 0.0734375 0.0828125
0 0.2703125 0.11328125 0.040625 0.06875
0 0.48125 0.11796875 0.09375 0.0421875
0 0.40546875 0.08515625 0.05625 0.053125
0 0.075 0.37265625 0.0453125 0.071875
0 0.0609375 0.77109375 0.121875 0.140625
0 0.015625 0.62578125 0.03125 0.0703125
0 0.1875 0.90703125 0.05625 0.1078125
0 0.42109375 0.89609375 0.040625 0.0578125
0 0.44296875 0.8 0.0484375 0.096875
0 0.94609375 0.91640625 0.1 0.15
0 0.78203125 0.3578125 0.0734375 0.06875
0 0.678125 0.38671875 0.1359375 0.0921875