0 0.759375 0.29765625 0.1015625 0.221875
0 0.60625 0.11875 0.2234375 0.140625
0 0.6 0.46640625 0.2125 0.290625
0 0.5328125 0.596875 0.1453125 0.25
0 0.62734375 0.80078125 0.1796875 0.1515625
0 0.771875 0.57890625 0.1296875 0.29375
0 0.65625 0.6765625 0.1125 0.1578125
0 0.4 0.121875 0.1625 0.209375
0 0.4140625 0.52890625 0.1015625 0.1125
0 0.3515625 0.41484375 0.034375 0.0515625
0 0.59453125 0.9328125 0.140625 0.1171875
0 0.75859375 0.79921875 0.075 0.1421875
0 0.51015625 0.78125 0.0671875 0.1046875