0 0.215625 0.2796875 0.0953125 0.10625
0 0.2453125 0.45078125 0.0359375 0.05
0 0.34140625 0.48359375 0.0484375 0.0453125
0 0.36796875 0.6171875 0.13125 0.0859375
0 0.55625 0.66171875 0.046875 0.046875
0 0.5375 0.7484375 0.11875 0.059375
0 0.6609375 0.70546875 0.059375 0.059375
0 0.3671875 0.22890625 0.034375 0.0640625
0 0.315625 0.28984375 0.0453125 0.053125
0 0.43125 0.27265625 0.0515625 0.0765625
0 0.521875 0.37421875 0.13125 0.075
0 0.38828125 0.353125 0.0515625 0.071875
0 0.2046875 0.40859375 0.0328125 0.0375
0 0.59765625 0.571875 0.0359375 0.0484375