0 0.65625 0.2484375 0.0953125 0.1046875
0 0.76484375 0.3125 0.0515625 0.059375
0 0.80078125 0.25078125 0.05 0.05
0 0.51796875 0.35546875 0.0515625 0.0484375
0 0.7671875 0.440625 0.046875 0.0453125
0 0.66171875 0.50390625 0.04375 0.0625
0 0.5875 0.60703125 0.04375 0.05
0 0.43515625 0.39375 0.028125 0.0484375
0 0.571875 0.275 0.0578125 0.0703125
0 0.60546875 0.359375 0.0515625 0.0625
0 0.44921875 0.6546875 0.0484375 0.053125
0 0.3515625 0.70625 0.0390625 0.04375
0 0.45546875 0.74296875 0.10625 0.059375
0 0.6609375 0.628125 0.0578125 0.0734375
0 0.8015625 0.3984375 0.0359375 0.04375