0 0.57734375 0.5953125 0.0828125 0.153125
0 0.49765625 0.44921875 0.0546875 0.0828125
0 0.56640625 0.30234375 0.046875 0.05625
0 0.0625 0.5828125 0.0296875 0.0765625
0 0.30390625 0.675 0.05 0.178125
0 0.4375 0.68828125 0.2046875 0.171875
0 0.55234375 0.825 0.221875 0.115625
0 0.85859375 0.8984375 0.0671875 0.0765625
0 0.71484375 0.7296875 0.121875 0.0953125
0 0.61640625 0.7296875 0.0546875 0.04375
0 0.45859375 0.52265625 0.071875 0.0578125
0 0.37109375 0.55078125 0.034375 0.109375
0 0.57265625 0.47421875 0.028125 0.0828125
0 0.35625 0.35 0.025 0.0515625
0 0.45625 0.04765625 0.05 0.0640625
0 0.22890625 0.9328125 0.0375 0.0703125
0 0.06484375 0.88515625 0.0421875 0.0453125