0 0.4078125 0.321875 0.090625 0.078125
0 0.48125 0.45 0.1328125 0.1546875
0 0.36796875 0.4765625 0.0890625 0.0703125
0 0.2609375 0.5046875 0.059375 0.0578125
0 0.38828125 0.59140625 0.2953125 0.1375
0 0.51953125 0.73203125 0.209375 0.0828125
0 0.33828125 0.76015625 0.1328125 0.0671875
0 0.25625 0.684375 0.0734375 0.015625
0 0.6859375 0.5875 0.08125 0.059375
0 0.5953125 0.5765625 0.04375 0.059375
0 0.7734375 0.6296875 0.0734375 0.071875
0 0.1828125 0.1859375 0.103125 0.0796875
0 0.1703125 0.4703125 0.121875 0.09375
0 0.33984375 0.4265625 0.1734375 0.09375
0 0.11484375 0.746875 0.05625 0.04375
0 0.17578125 0.60078125 0.0890625 0.078125
0 0.66328125 0.67890625 0.1359375 0.0671875