0 0.30546875 0.75625 0.0953125 0.1421875
0 0.353125 0.42265625 0.078125 0.0921875
0 0.61328125 0.3078125 0.2421875 0.26875
0 0.828125 0.23125 0.10625 0.1265625
0 0.66640625 0.10234375 0.1015625 0.0890625
0 0.3265625 0.2328125 0.3125 0.175
0 0.19453125 0.1125 0.0890625 0.0578125
0 0.23515625 0.49140625 0.04375 0.11875
0 0.09765625 0.4234375 0.121875 0.0640625
0 0.49765625 0.59140625 0.1640625 0.16875
0 0.43984375 0.76328125 0.109375 0.14375
0 0.671875 0.6984375 0.09375 0.0578125
0 0.340625 0.1078125 0.1015625 0.0671875
0 0.34921875 0.57890625 0.1171875 0.2078125
0 0.134375 0.79375 0.0890625 0.29375
0 0.21953125 0.646875 0.0328125 0.0578125
0 0.28203125 0.8875 0.115625 0.0640625
0 0.040625 0.84375 0.06875 0.175