0 0.38515625 0.415625 0.109375 0.1625
0 0.35078125 0.26875 0.046875 0.1125
0 0.43515625 0.17734375 0.1109375 0.3546875
0 0.271875 0.36640625 0.1109375 0.2328125
0 0.1953125 0.52734375 0.06875 0.075
0 0.30234375 0.59296875 0.1515625 0.2171875
0 0.2640625 0.790625 0.134375 0.1421875
0 0.41015625 0.6875 0.0875 0.115625
0 0.165625 0.82109375 0.0546875 0.240625
0 0.0578125 0.9578125 0.1 0.084375
0 0.265625 0.92890625 0.146875 0.1421875
0 0.38515625 0.84453125 0.1 0.2
0 0.34453125 0.1265625 0.05 0.1625
0 0.884375 0.36015625 0.0890625 0.16875
0 0.7796875 0.27890625 0.05 0.08125
0 0.778125 0.4125 0.046875 0.0953125
0 0.67890625 0.72265625 0.034375 0.1015625
0 0.97578125 0.3515625 0.0203125 0.071875
0 0.7609375 0.69453125 0.01875 0.0609375