0 0.7578125 0.496875 0.184375 0.128125
0 0.9640625 0.384375 0.071875 0.109375
0 0.846875 0.12421875 0.075 0.0625
0 0.2828125 0.4078125 0.10625 0.128125
0 0.1078125 0.228125 0.084375 0.06875
0 0.034375 0.39140625 0.0625 0.1046875
0 0.1828125 0.38203125 0.09375 0.1140625
0 0.090625 0.58359375 0.1390625 0.2296875
0 0.2046875 0.65234375 0.0875 0.20625
0 0.3296875 0.7046875 0.0484375 0.1203125
0 0.4390625 0.72109375 0.09375 0.1375
0 0.44921875 0.4265625 0.0453125 0.059375
0 0.55546875 0.4375 0.065625 0.06875
0 0.69765625 0.35703125 0.0671875 0.065625
0 0.5828125 0.82109375 0.0328125 0.1046875
0 0.57578125 0.9671875 0.04375 0.065625
0 0.4890625 0.9703125 0.0546875 0.059375
0 0.4078125 0.95625 0.071875 0.0875
0 0.76796875 0.9578125 0.0734375 0.084375
0 0.59921875 0.88203125 0.053125 0.0328125
0 0.7203125 0.75078125 0.046875 0.075
0 0.778125 0.6046875 0.1 0.078125
0 0.89453125 0.65390625 0.0625 0.0875
0 0.95 0.4984375 0.1 0.1203125
0 0.9734375 0.6328125 0.053125 0.1171875
0 0.84453125 0.87734375 0.128125 0.1765625
0 0.52109375 0.83125 0.0953125 0.1078125
0 0.6359375 0.50859375 0.0578125 0.0921875
0 0.39453125 0.34453125 0.1234375 0.1015625
0 0.803125 0.3359375 0.075 0.0921875
0 0.9609375 0.22734375 0.078125 0.1859375
0 0.225 0.88515625 0.1265625 0.1109375