0 0.62734375 0.1546875 0.109375 0.084375
0 0.59609375 0.0484375 0.3046875 0.096875
0 0.13515625 0.01953125 0.1171875 0.0390625
0 0.14140625 0.6171875 0.246875 0.3125
0 0.81171875 0.671875 0.1953125 0.20625
0 0.92578125 0.5703125 0.1359375 0.25625
0 0.72734375 0.52109375 0.225 0.0828125
0 0.428125 0.2921875 0.1453125 0.08125
0 0.15703125 0.1203125 0.084375 0.0484375
0 0.34296875 0.8625 0.240625 0.1375
0 0.66875 0.821875 0.20625 0.084375
0 0.43671875 0.18984375 0.065625 0.071875
0 0.83984375 0.05 0.096875 0.0640625
0 0.35859375 0.05625 0.059375 0.0515625