0 0.2671875 0.05859375 0.0609375 0.075
0 0.16328125 0.0515625 0.0671875 0.0859375
0 0.5234375 0.1765625 0.11875 0.128125
0 0.3765625 0.34453125 0.125 0.2390625
0 0.26484375 0.18203125 0.1234375 0.1515625
0 0.0671875 0.62109375 0.1234375 0.234375
0 0.1359375 0.8765625 0.0921875 0.09375
0 0.2890625 0.65390625 0.071875 0.115625
0 0.4390625 0.7125 0.0421875 0.0703125
0 0.6453125 0.8125 0.1109375 0.14375
0 0.2640625 0.44765625 0.0859375 0.1125
0 0.51171875 0.30859375 0.1140625 0.125
0 0.4984375 0.46953125 0.0484375 0.0625
0 0.52109375 0.64609375 0.1234375 0.1046875
0 0.10859375 0.26796875 0.1109375 0.075
0 0.6671875 0.15390625 0.0390625 0.071875
0 0.75078125 0.0484375 0.08125 0.0609375
0 0.0890625 0.08515625 0.0484375 0.0625
0 0.18046875 0.40078125 0.0625 0.1
0 0.37109375 0.621875 0.0609375 0.090625