0 0.5453125 0.37421875 0.071875 0.146875
0 0.21015625 0.09296875 0.0375 0.0796875
0 0.325 0.1078125 0.16875 0.215625
0 0.16484375 0.409375 0.0984375 0.1671875
0 0.23984375 0.565625 0.0640625 0.09375
0 0.41171875 0.81171875 0.0625 0.0765625
0 0.53046875 0.52890625 0.1203125 0.0953125
0 0.4015625 0.39296875 0.1671875 0.2671875
0 0.4328125 0.65078125 0.13125 0.2375
0 0.5515625 0.67578125 0.065625 0.0765625
0 0.26953125 0.346875 0.0421875 0.0859375
0 0.54375 0.25078125 0.09375 0.1078125
0 0.07734375 0.41484375 0.0421875 0.1625
0 0.08515625 0.615625 0.0390625 0.0640625
0 0.5234375 0.93515625 0.0984375 0.0828125