0 0.5265625 0.390625 0.053125 0.059375
0 0.7734375 0.6359375 0.03125 0.0796875
0 0.86015625 0.78203125 0.021875 0.0546875
0 0.90859375 0.6890625 0.05 0.075
0 0.7453125 0.29375 0.0359375 0.05
0 0.59140625 0.65390625 0.059375 0.103125
0 0.47578125 0.484375 0.059375 0.090625
0 0.384375 0.46640625 0.040625 0.0765625
0 0.35859375 0.6078125 0.03125 0.0671875
0 0.72421875 0.83984375 0.0375 0.1140625
0 0.7953125 0.86875 0.021875 0.0671875
0 0.51328125 0.75703125 0.075 0.10625
0 0.625 0.80078125 0.0484375 0.0953125
0 0.65 0.41171875 0.0453125 0.0734375
0 0.57734375 0.27578125 0.0421875 0.0640625
0 0.8859375 0.34296875 0.040625 0.0484375