0 0.48828125 0.23203125 0.0796875 0.0953125
0 0.6109375 0.1171875 0.0421875 0.1078125
0 0.73828125 0.025 0.0546875 0.05
0 0.50546875 0.54921875 0.0984375 0.1484375
0 0.4796875 0.69765625 0.040625 0.0546875
0 0.29296875 0.5578125 0.0828125 0.1484375
0 0.39609375 0.60234375 0.1234375 0.2109375
0 0.19609375 0.2734375 0.0515625 0.1046875
0 0.26328125 0.1203125 0.1234375 0.240625
0 0.4140625 0.23671875 0.0515625 0.1046875
0 0.13515625 0.346875 0.065625 0.196875
0 0.22890625 0.60703125 0.0640625 0.1578125
0 0.18671875 0.4640625 0.0296875 0.0546875
0 0.4203125 0.07421875 0.084375 0.1375
0 0.55703125 0.10859375 0.046875 0.1375