0 0.5171875 0.309375 0.1578125 0.1546875
0 0.1953125 0.17109375 0.115625 0.3421875
0 0.1296875 0.4796875 0.259375 0.484375
0 0.06796875 0.12265625 0.1359375 0.2453125
0 0.365625 0.39375 0.1 0.2265625
0 0.3015625 0.06796875 0.09375 0.1359375
0 0.42578125 0.10625 0.0625 0.1296875
0 0.66328125 0.20625 0.2015625 0.4125
0 0.8578125 0.2390625 0.1796875 0.40625
0 0.628125 0.603125 0.0984375 0.2578125
0 0.5015625 0.5578125 0.1328125 0.315625
0 0.346875 0.5 0.1671875 0.671875
0 0.1640625 0.8515625 0.1984375 0.296875
0 0.321875 0.86796875 0.078125 0.078125
0 0.40234375 0.90625 0.025 0.084375
0 0.5125 0.8609375 0.1609375 0.278125
0 0.77734375 0.66796875 0.075 0.1875
0 0.69375 0.76796875 0.078125 0.1875
0 0.64296875 0.93828125 0.0546875 0.1234375
0 0.80390625 0.88984375 0.2515625 0.2203125
0 0.75546875 0.48671875 0.09375 0.096875
0 0.90078125 0.72265625 0.1125 0.078125
0 0.9875 0.18046875 0.025 0.2