0 0.4453125 0.47890625 0.175 0.1734375
0 0.71328125 0.3453125 0.0921875 0.1078125
0 0.76875 0.1375 0.0546875 0.1359375
0 0.7 0.09296875 0.0703125 0.0796875
0 0.66640625 0.54921875 0.1484375 0.2265625
0 0.54296875 0.36171875 0.046875 0.04375
0 0.43671875 0.67890625 0.0296875 0.078125
0 0.51484375 0.721875 0.109375 0.253125
0 0.36953125 0.82890625 0.08125 0.0453125
0 0.4375 0.93359375 0.125 0.0578125
0 0.78359375 0.7015625 0.0875 0.1578125
0 0.33046875 0.8953125 0.065625 0.0703125
0 0.85390625 0.46328125 0.1 0.1296875