0 0.54296875 0.61015625 0.0390625 0.0671875
0 0.6 0.74296875 0.05 0.0671875
0 0.4203125 0.59140625 0.103125 0.1296875
0 0.3359375 0.615625 0.028125 0.0625
0 0.4484375 0.753125 0.1703125 0.140625
0 0.58125 0.9296875 0.0234375 0.0375
0 0.42421875 0.96640625 0.040625 0.0671875
0 0.159375 0.7125 0.0515625 0.0421875
0 0.65 0.2234375 0.0421875 0.0625
0 0.67578125 0.0578125 0.09375 0.078125
0 0.31796875 0.4546875 0.0640625 0.0578125
0 0.503125 0.48984375 0.0359375 0.071875
0 0.45390625 0.384375 0.0359375 0.0875
0 0.2453125 0.54921875 0.0390625 0.0328125
0 0.28671875 0.640625 0.03125 0.04375
0 0.66328125 0.43828125 0.028125 0.0359375