0 0.25703125 0.63515625 0.315625 0.0859375
0 0.1515625 0.25625 0.0921875 0.06875
0 0.725 0.65859375 0.0859375 0.0828125
0 0.23671875 0.8515625 0.3265625 0.1359375
0 0.43125 0.76484375 0.1765625 0.08125
0 0.46953125 0.64609375 0.0578125 0.0390625
0 0.35390625 0.51171875 0.0703125 0.04375
0 0.59765625 0.19609375 0.0984375 0.071875
0 0.63515625 0.51875 0.2453125 0.14375
0 0.68828125 0.39609375 0.1765625 0.078125
0 0.07109375 0.43671875 0.0671875 0.05
0 0.528125 0.96796875 0.0546875 0.05
0 0.59765625 0.65546875 0.0390625 0.0546875