0 0.67890625 0.51875 0.0890625 0.1484375
0 0.66171875 0.23984375 0.065625 0.071875
0 0.56171875 0.3125 0.05 0.0734375
0 0.34765625 0.521875 0.0765625 0.13125
0 0.56484375 0.471875 0.0671875 0.0875
0 0.49609375 0.721875 0.0625 0.0875
0 0.52421875 0.57890625 0.0359375 0.05
0 0.87734375 0.4 0.084375 0.109375
0 0.77421875 0.12734375 0.0515625 0.0734375
0 0.74375 0.20234375 0.0796875 0.0828125
0 0.7203125 0.34140625 0.0859375 0.1484375
0 0.69921875 0.0546875 0.0546875 0.028125
0 0.4796875 0.02890625 0.0765625 0.0515625
0 0.45234375 0.4375 0.1171875 0.10625
0 0.39609375 0.171875 0.04375 0.05