0 0.63515625 0.590625 0.1078125 0.1328125
0 0.6515625 0.38671875 0.1140625 0.153125
0 0.58125 0.40859375 0.0671875 0.1015625
0 0.4625 0.54921875 0.0984375 0.184375
0 0.53671875 0.75859375 0.0234375 0.0484375
0 0.79140625 0.4765625 0.028125 0.053125
0 0.709375 0.23203125 0.0328125 0.0921875
0 0.70859375 0.1046875 0.0296875 0.0703125
0 0.57890625 0.0671875 0.0328125 0.0484375
0 0.528125 0.1640625 0.0296875 0.0734375
0 0.27421875 0.359375 0.046875 0.0703125
0 0.2203125 0.490625 0.0359375 0.0625
0 0.5390625 0.63515625 0.0734375 0.1078125
0 0.70390625 0.49453125 0.0515625 0.046875