0 0.45546875 0.30546875 0.065625 0.1125
0 0.36015625 0.06640625 0.0734375 0.10625
0 0.46171875 0.0421875 0.0421875 0.0828125
0 0.62734375 0.1140625 0.05625 0.1015625
0 0.378125 0.22109375 0.1078125 0.159375
0 0.29453125 0.234375 0.015625 0.075
0 0.29765625 0.1234375 0.0265625 0.0625
0 0.4890625 0.1609375 0.075 0.0828125
0 0.415625 0.06796875 0.025 0.0578125
0 0.46171875 0.440625 0.028125 0.1078125
0 0.52890625 0.446875 0.028125 0.0625
0 0.4484375 0.66640625 0.065625 0.128125
0 0.57890625 0.79296875 0.09375 0.0765625
0 0.63203125 0.64921875 0.04375 0.1796875
0 0.578125 0.528125 0.028125 0.121875
0 0.62109375 0.51875 0.015625 0.0453125
0 0.70390625 0.43984375 0.0390625 0.0390625