0 0.309375 0.70859375 0.20625 0.171875
0 0.19921875 0.4484375 0.1890625 0.1015625
0 0.32265625 0.315625 0.0703125 0.10625
0 0.58046875 0.31640625 0.125 0.09375
0 0.6453125 0.39765625 0.0515625 0.0265625
0 0.57109375 0.5171875 0.0625 0.0546875
0 0.4359375 0.80703125 0.0984375 0.125
0 0.165625 0.68671875 0.08125 0.0703125
0 0.33984375 0.8390625 0.0515625 0.05
0 0.37265625 0.93359375 0.065625 0.0359375
0 0.521875 0.94296875 0.0671875 0.0546875
0 0.21953125 0.875 0.1015625 0.0546875
0 0.7 0.7015625 0.05 0.071875
0 0.41796875 0.30390625 0.0859375 0.0578125
0 0.19453125 0.56640625 0.1 0.10625
0 0.15546875 0.7671875 0.0375 0.046875