0 0.39921875 0.66640625 0.04375 0.0484375
0 0.275 0.51796875 0.0859375 0.0625
0 0.19765625 0.4203125 0.0296875 0.046875
0 0.21015625 0.28203125 0.040625 0.0453125
0 0.165625 0.54140625 0.078125 0.1234375
0 0.36953125 0.746875 0.0875 0.1015625
0 0.25234375 0.85390625 0.1390625 0.0875
0 0.41171875 0.871875 0.171875 0.1015625
0 0.32890625 0.6703125 0.0734375 0.0515625
0 0.75703125 0.15703125 0.046875 0.046875
0 0.6671875 0.39296875 0.028125 0.0515625
0 0.6953125 0.58125 0.0765625 0.065625
0 0.77578125 0.584375 0.0375 0.059375
0 0.26015625 0.60859375 0.0640625 0.0703125
0 0.21640625 0.72421875 0.0484375 0.046875
0 0.37109375 0.33203125 0.0484375 0.0421875