0 0.6875 0.40859375 0.0875 0.109375
0 0.5515625 0.39296875 0.08125 0.18125
0 0.53359375 0.14140625 0.05625 0.1
0 0.6421875 0.04296875 0.0640625 0.0859375
0 0.6671875 0.2375 0.04375 0.0734375
0 0.7484375 0.33828125 0.071875 0.1
0 0.84921875 0.503125 0.0640625 0.1546875
0 0.346875 0.57265625 0.0921875 0.278125
0 0.51328125 0.65390625 0.178125 0.296875
0 0.21640625 0.46328125 0.159375 0.3296875
0 0.69921875 0.61953125 0.153125 0.259375
0 0.6046875 0.90390625 0.1765625 0.1921875
0 0.26171875 0.77734375 0.090625 0.1171875
0 0.97890625 0.453125 0.03125 0.0921875
0 0.95078125 0.221875 0.05 0.178125
0 0.7953125 0.21328125 0.0328125 0.0734375
0 0.87890625 0.64296875 0.1734375 0.10625
0 0.7484375 0.86484375 0.071875 0.18125
0 0.4671875 0.2375 0.0609375 0.190625
0 0.35625 0.11953125 0.03125 0.06875