0 0.38515625 0.35859375 0.0875 0.1484375
0 0.7578125 0.253125 0.05 0.0421875
0 0.77421875 0.36484375 0.103125 0.0828125
0 0.65 0.28046875 0.1609375 0.096875
0 0.53515625 0.17109375 0.1015625 0.0671875
0 0.69609375 0.15703125 0.121875 0.065625
0 0.6515625 0.0921875 0.03125 0.0375
0 0.33671875 0.12421875 0.0421875 0.0453125
0 0.45546875 0.20859375 0.0375 0.0421875
0 0.34140625 0.2 0.0796875 0.05
0 0.63515625 0.57578125 0.1109375 0.1828125
0 0.790625 0.565625 0.1203125 0.1640625
0 0.76484375 0.43828125 0.171875 0.0578125
0 0.42265625 0.90625 0.1359375 0.059375
0 0.6875 0.82578125 0.1671875 0.0625
0 0.771875 0.68671875 0.05 0.065625
0 0.234375 0.52265625 0.04375 0.065625
0 0.51328125 0.67421875 0.0625 0.0890625
0 0.55703125 0.88671875 0.10625 0.0921875
0 0.56328125 0.7828125 0.065625 0.0515625
0 0.43515625 0.14609375 0.0640625 0.0734375