0 0.459375 0.60234375 0.08125 0.0515625
0 0.27421875 0.31640625 0.05625 0.09375
0 0.1609375 0.34453125 0.0484375 0.0671875
0 0.06953125 0.51328125 0.0515625 0.06875
0 0.31640625 0.8125 0.0890625 0.1
0 0.44765625 0.9375 0.15 0.09375
0 0.571875 0.9203125 0.0515625 0.10625
0 0.10078125 0.825 0.04375 0.05
0 0.29609375 0.946875 0.1828125 0.078125
0 0.1875 0.6296875 0.08125 0.05
0 0.121875 0.6765625 0.1015625 0.0546875
0 0.0859375 0.59375 0.0546875 0.0390625
0 0.315625 0.7125 0.059375 0.05625
0 0.1859375 0.7796875 0.040625 0.065625
0 0.13203125 0.4390625 0.0578125 0.078125
0 0.3890625 0.56640625 0.0953125 0.034375