0 0.53515625 0.65234375 0.2296875 0.1875
0 0.7 0.10859375 0.2578125 0.1796875
0 0.93203125 0.1984375 0.1359375 0.1328125
0 0.353125 0.3109375 0.0703125 0.09375
0 0.453125 0.2609375 0.1046875 0.1578125
0 0.40625 0.49921875 0.1171875 0.096875
0 0.33671875 0.64921875 0.1609375 0.1921875
0 0.44765625 0.8671875 0.290625 0.246875
0 0.20390625 0.85234375 0.1 0.1125
0 0.63203125 0.87578125 0.05 0.0453125
0 0.82421875 0.6109375 0.0484375 0.08125
0 0.61796875 0.4046875 0.05 0.059375
0 0.32265625 0.39765625 0.0703125 0.046875
0 0.2125 0.45859375 0.0765625 0.0671875