0 0.575 0.3375 0.0578125 0.09375
0 0.2015625 0.35390625 0.065625 0.0703125
0 0.109375 0.475 0.084375 0.1921875
0 0.32421875 0.70390625 0.08125 0.0671875
0 0.16640625 0.67109375 0.1953125 0.16875
0 0.23828125 0.76953125 0.1109375 0.075
0 0.41328125 0.85625 0.1109375 0.0703125
0 0.703125 0.7015625 0.05625 0.0890625
0 0.54453125 0.87578125 0.071875 0.0671875
0 0.65234375 0.859375 0.0625 0.0515625
0 0.409375 0.934375 0.0765625 0.0453125
0 0.590625 0.23515625 0.109375 0.059375
0 0.67890625 0.321875 0.0390625 0.04375
0 0.26796875 0.596875 0.0640625 0.0625
0 0.52734375 0.4796875 0.0546875 0.05