0 0.459375 0.64921875 0.065625 0.0546875
0 0.55625 0.87421875 0.0484375 0.059375
0 0.125 0.378125 0.084375 0.128125
0 0.25078125 0.5171875 0.0703125 0.0546875
0 0.3828125 0.65625 0.059375 0.0609375
0 0.1984375 0.7515625 0.071875 0.0796875
0 0.153125 0.5421875 0.1078125 0.146875
0 0.24375 0.62890625 0.0796875 0.0875
0 0.34609375 0.7390625 0.0546875 0.0828125
0 0.409375 0.90390625 0.0515625 0.0671875
0 0.1859375 0.85625 0.1015625 0.0671875
0 0.32265625 0.64921875 0.025 0.04375
0 0.678125 0.55390625 0.0546875 0.0546875