0 0.71171875 0.071875 0.1171875 0.1296875
0 0.79765625 0.2875 0.0421875 0.0625
0 0.78515625 0.4515625 0.0859375 0.1375
0 0.76328125 0.63984375 0.1140625 0.20625
0 0.52734375 0.60703125 0.0546875 0.090625
0 0.43984375 0.4953125 0.0625 0.0578125
0 0.44375 0.38828125 0.0421875 0.046875
0 0.56875 0.39296875 0.0578125 0.0375
0 0.40078125 0.109375 0.040625 0.0546875
0 0.4703125 0.05 0.0640625 0.0578125
0 0.58671875 0.09453125 0.0625 0.071875
0 0.6921875 0.18515625 0.09375 0.05625
0 0.4796875 0.2 0.09375 0.0796875
0 0.2984375 0.26015625 0.025 0.0328125
0 0.27890625 0.534375 0.0734375 0.1171875
0 0.2828125 0.66875 0.065625 0.0859375
0 0.6125 0.61328125 0.0578125 0.075
0 0.38828125 0.87578125 0.025 0.0375
0 0.4609375 0.8859375 0.04375 0.06875
0 0.33046875 0.1609375 0.0453125 0.05625