0 0.72421875 0.640625 0.3640625 0.271875
0 0.5015625 0.62890625 0.08125 0.078125
0 0.58984375 0.82109375 0.1796875 0.1328125
0 0.740625 0.9078125 0.040625 0.0453125
0 0.34140625 0.33515625 0.1421875 0.1671875
0 0.55390625 0.2765625 0.1796875 0.084375
0 0.80859375 0.1609375 0.103125 0.14375
0 0.55859375 0.13125 0.10625 0.1734375
0 0.39296875 0.48828125 0.103125 0.0828125
0 0.52109375 0.5609375 0.05 0.05625
0 0.225 0.5640625 0.0375 0.0421875
0 0.48828125 0.70625 0.1109375 0.1046875
0 0.33984375 0.878125 0.071875 0.0546875
0 0.47734375 0.8875 0.05 0.065625