0 0.57109375 0.57734375 0.271875 0.16875
0 0.67890625 0.7125 0.0515625 0.0703125
0 0.1453125 0.63515625 0.0671875 0.084375
0 0.28828125 0.703125 0.034375 0.03125
0 0.43125 0.66484375 0.15625 0.1203125
0 0.41640625 0.76484375 0.1296875 0.08125
0 0.490625 0.8140625 0.0859375 0.0671875
0 0.609375 0.84375 0.1 0.0453125
0 0.6359375 0.77734375 0.0953125 0.053125
0 0.71171875 0.93671875 0.1 0.109375
0 0.46875 0.87734375 0.1046875 0.0453125
0 0.61171875 0.95234375 0.0671875 0.0640625
0 0.7765625 0.84765625 0.1484375 0.0703125
0 0.82109375 0.4578125 0.0765625 0.0359375
0 0.78125 0.128125 0.08125 0.0640625
0 0.6453125 0.0546875 0.0578125 0.0390625
0 0.23828125 0.415625 0.0765625 0.0796875
0 0.25703125 0.54921875 0.0578125 0.05625
0 0.59765625 0.70703125 0.109375 0.0875
0 0.33828125 0.8421875 0.0703125 0.05