0 0.4140625 0.434375 0.1953125 0.109375
0 0.459375 0.05859375 0.0796875 0.10625
0 0.63125 0.1625 0.1109375 0.1546875
0 0.42265625 0.15625 0.078125 0.0625
0 0.7078125 0.403125 0.065625 0.0625
0 0.5859375 0.51953125 0.1890625 0.1515625
0 0.6140625 0.4234375 0.0703125 0.0765625
0 0.50859375 0.38046875 0.1359375 0.059375
0 0.43046875 0.32890625 0.0625 0.0375
0 0.6328125 0.57578125 0.0703125 0.04375
0 0.2953125 0.52734375 0.1703125 0.1109375
0 0.54921875 0.65625 0.11875 0.10625
0 0.4375 0.534375 0.096875 0.08125
0 0.37890625 0.6515625 0.2296875 0.1484375
0 0.31640625 0.78203125 0.1609375 0.1125
0 0.2359375 0.87265625 0.05625 0.053125
0 0.14296875 0.659375 0.05625 0.065625
0 0.47421875 0.75703125 0.09375 0.103125
0 0.5765625 0.24296875 0.2390625 0.2375
0 0.37265625 0.10625 0.06875 0.1453125
0 0.15234375 0.84140625 0.11875 0.0890625