0 0.4828125 0.23984375 0.0703125 0.0546875
0 0.5046875 0.36953125 0.0953125 0.1171875
0 0.55859375 0.4765625 0.075 0.1015625
0 0.40390625 0.5265625 0.1875 0.15
0 0.3296875 0.68828125 0.175 0.178125
0 0.4953125 0.653125 0.1453125 0.125
0 0.35234375 0.18203125 0.125 0.084375
0 0.24140625 0.2421875 0.1671875 0.1234375
0 0.38984375 0.28359375 0.0921875 0.040625
0 0.66015625 0.57421875 0.025 0.046875
0 0.67734375 0.45625 0.05 0.0328125
0 0.18984375 0.753125 0.0859375 0.0390625
0 0.2625 0.54609375 0.078125 0.0953125