0 0.53125 0.61484375 0.178125 0.2203125
0 0.54453125 0.8 0.29375 0.14375
0 0.79453125 0.7171875 0.0921875 0.1171875
0 0.62109375 0.2140625 0.10625 0.1296875
0 0.3953125 0.46875 0.1015625 0.1578125
0 0.61640625 0.475 0.1796875 0.11875
0 0.49296875 0.4453125 0.0671875 0.1015625
0 0.484375 0.3609375 0.0578125 0.0859375
0 0.63203125 0.33046875 0.03125 0.053125
0 0.65546875 0.646875 0.0484375 0.0703125
0 0.40234375 0.64609375 0.0640625 0.125
0 0.31796875 0.76953125 0.059375 0.08125
0 0.46171875 0.903125 0.0484375 0.0359375