0 0.584375 0.4875 0.0390625 0.0921875
0 0.70546875 0.27578125 0.1015625 0.1859375
0 0.73515625 0.503125 0.0515625 0.1390625
0 0.4375 0.3765625 0.2125 0.159375
0 0.37421875 0.084375 0.0328125 0.046875
0 0.56875 0.14453125 0.0421875 0.046875
0 0.5765625 0.33828125 0.0578125 0.075
0 0.66953125 0.49921875 0.0875 0.240625
0 0.6515625 0.325 0.0390625 0.0875
0 0.47734375 0.6421875 0.0734375 0.146875
0 0.428125 0.56171875 0.0734375 0.071875
0 0.39765625 0.67734375 0.11875 0.153125
0 0.621875 0.6125 0.0234375 0.128125
0 0.70546875 0.6515625 0.078125 0.05
0 0.63359375 0.73515625 0.0625 0.09375
0 0.4875 0.7859375 0.0328125 0.0515625
0 0.4140625 0.8421875 0.046875 0.0640625
0 0.36796875 0.89375 0.0234375 0.05625
0 0.3875 0.225 0.0578125 0.075
0 0.47109375 0.2578125 0.028125 0.0359375
0 0.5171875 0.2078125 0.0140625 0.05
0 0.3734375 0.4765625 0.0546875 0.1421875
0 0.54375 0.5640625 0.0421875 0.0671875
0 0.65703125 0.16796875 0.0390625 0.0578125
0 0.56171875 0.7640625 0.0578125 0.0796875