0 0.75625 0.703125 0.059375 0.1359375
0 0.709375 0.490625 0.0734375 0.1296875
0 0.57734375 0.62578125 0.059375 0.1171875
0 0.4828125 0.11640625 0.059375 0.0703125
0 0.3515625 0.06484375 0.065625 0.065625
0 0.51484375 0.23515625 0.05625 0.0515625
0 0.2328125 0.6421875 0.1171875 0.121875
0 0.32734375 0.8421875 0.034375 0.1484375
0 0.40078125 0.81328125 0.0609375 0.071875
0 0.50234375 0.92265625 0.1125 0.1484375
0 0.2671875 0.9578125 0.078125 0.084375
0 0.4140625 0.53515625 0.1125 0.2
0 0.29296875 0.36796875 0.1296875 0.1546875
0 0.38984375 0.21640625 0.0515625 0.103125
0 0.33203125 0.1578125 0.0390625 0.071875
0 0.4609375 0.209375 0.0484375 0.078125
0 0.4203125 0.08046875 0.0515625 0.1296875
0 0.540625 0.06796875 0.159375 0.084375
0 0.57578125 0.2421875 0.065625 0.1234375
0 0.528125 0.32890625 0.06875 0.078125
0 0.50625 0.47109375 0.059375 0.0578125
0 0.54921875 0.43515625 0.059375 0.084375
0 0.43984375 0.3609375 0.1078125 0.1421875
0 0.85546875 0.6546875 0.0390625 0.0828125
0 0.65546875 0.48046875 0.034375 0.065625
0 0.5 0.56796875 0.034375 0.078125
0 0.396875 0.89375 0.0734375 0.065625
0 0.23046875 0.78671875 0.1390625 0.109375
0 0.3703125 0.703125 0.065625 0.071875
0 0.17421875 0.48046875 0.0484375 0.078125
0 0.70078125 0.2390625 0.05625 0.0578125
0 0.80390625 0.6 0.0515625 0.121875
0 0.63125 0.5453125 0.04375 0.065625
0 0.30625 0.06484375 0.034375 0.0578125