0 0.30390625 0.2875 0.1078125 0.0625
0 0.39609375 0.55390625 0.0625 0.0671875
0 0.37109375 0.465625 0.0671875 0.05625
0 0.459375 0.42265625 0.05 0.034375
0 0.7 0.70390625 0.08125 0.0875
0 0.55390625 0.80390625 0.0671875 0.1203125
0 0.453125 0.790625 0.0953125 0.0578125
0 0.525 0.9578125 0.065625 0.0671875
0 0.63125 0.91875 0.0953125 0.059375
0 0.446875 0.9375 0.0640625 0.0609375
0 0.77734375 0.83203125 0.0859375 0.046875
0 0.6078125 0.72421875 0.0875 0.0578125
0 0.8125 0.6734375 0.0671875 0.1015625