0 0.81328125 0.78515625 0.1765625 0.1609375
0 0.66015625 0.78203125 0.1140625 0.1328125
0 0.74609375 0.88984375 0.253125 0.084375
0 0.72890625 0.621875 0.075 0.0734375
0 0.5140625 0.20234375 0.075 0.0390625
0 0.76171875 0.16328125 0.065625 0.0484375
0 0.67109375 0.16015625 0.059375 0.0625
0 0.48046875 0.078125 0.071875 0.0453125
0 0.76484375 0.3109375 0.1234375 0.190625
0 0.31484375 0.5703125 0.0578125 0.05
0 0.52734375 0.56875 0.08125 0.075
0 0.490625 0.6765625 0.0515625 0.065625
0 0.41015625 0.67734375 0.0421875 0.0265625
0 0.49140625 0.8859375 0.0296875 0.0390625
0 0.3828125 0.87421875 0.0515625 0.0515625
0 0.92578125 0.7125 0.040625 0.0625
0 0.89375 0.428125 0.0875 0.0453125