0 0.3609375 0.4453125 0.184375 0.346875
0 0.48515625 0.203125 0.14375 0.16875
0 0.4828125 0.5734375 0.0515625 0.0859375
0 0.45859375 0.35 0.028125 0.1046875
0 0.44140625 0.66796875 0.08125 0.090625
0 0.2125 0.65078125 0.01875 0.0609375
0 0.50234375 0.76171875 0.04375 0.040625
0 0.5640625 0.7734375 0.0359375 0.046875
0 0.89296875 0.65859375 0.0234375 0.0671875
0 0.85703125 0.46015625 0.08125 0.078125
0 0.77890625 0.6046875 0.0578125 0.125
0 0.81953125 0.7953125 0.03125 0.0703125
0 0.78671875 0.72421875 0.05 0.053125
0 0.68046875 0.7953125 0.0671875 0.065625
0 0.7703125 0.815625 0.0578125 0.0890625
0 0.8296875 0.62578125 0.0140625 0.04375
0 0.87265625 0.7546875 0.0375 0.075
0 0.86484375 0.54453125 0.0953125 0.0546875
0 0.75078125 0.41640625 0.0546875 0.065625
0 0.425 0.753125 0.0265625 0.034375