0 0.64609375 0.43515625 0.1296875 0.1109375
0 0.8890625 0.4921875 0.1046875 0.1328125
0 0.46171875 0.46484375 0.29375 0.26875
0 0.246875 0.50625 0.0828125 0.1
0 0.50390625 0.7109375 0.3359375 0.1984375
0 0.396875 0.8625 0.0609375 0.05625
0 0.7671875 0.61328125 0.2859375 0.2453125
0 0.7859375 0.47421875 0.0734375 0.0828125
0 0.81953125 0.346875 0.1 0.1
0 0.54921875 0.0890625 0.2125 0.121875
0 0.4828125 0.22578125 0.2515625 0.184375
0 0.70546875 0.30859375 0.1296875 0.0921875
0 0.28828125 0.8171875 0.109375 0.05625
0 0.2859375 0.65 0.0625 0.08125