0 0.67421875 0.253125 0.11875 0.115625
0 0.51015625 0.078125 0.103125 0.15625
0 0.378125 0.3109375 0.253125 0.2015625
0 0.803125 0.48359375 0.221875 0.2125
0 0.746875 0.87265625 0.0625 0.0796875
0 0.503125 0.8234375 0.078125 0.0890625
0 0.1359375 0.7078125 0.1375 0.1515625
0 0.37109375 0.69140625 0.140625 0.140625
0 0.70703125 0.60625 0.09375 0.096875
0 0.91015625 0.18828125 0.0765625 0.06875
0 0.9640625 0.48515625 0.065625 0.0609375
0 0.62109375 0.74296875 0.0796875 0.0734375
0 0.67109375 0.91328125 0.1796875 0.0796875
0 0.846875 0.8390625 0.0421875 0.046875
0 0.45 0.184375 0.0703125 0.0484375
0 0.590625 0.365625 0.1234375 0.1265625