0 0.70390625 0.39453125 0.23125 0.103125
0 0.46796875 0.271875 0.09375 0.071875
0 0.22109375 0.65 0.078125 0.090625
0 0.33046875 0.3359375 0.096875 0.05
0 0.25625 0.45625 0.140625 0.1828125
0 0.33125 0.5765625 0.109375 0.0421875
0 0.46796875 0.84765625 0.1453125 0.1296875
0 0.55859375 0.6140625 0.1703125 0.09375
0 0.45625 0.4578125 0.175 0.1359375
0 0.6015625 0.5203125 0.1078125 0.046875
0 0.68671875 0.7328125 0.103125 0.090625
0 0.56015625 0.73359375 0.1234375 0.0859375
0 0.81796875 0.6890625 0.1265625 0.0578125
0 0.66953125 0.47890625 0.1046875 0.0515625
0 0.8203125 0.6015625 0.0546875 0.05
0 0.74921875 0.26171875 0.159375 0.1296875
0 0.58125 0.26015625 0.14375 0.1453125
0 0.95625 0.4234375 0.075 0.059375
0 0.83125 0.51171875 0.11875 0.0578125
0 0.29921875 0.815625 0.096875 0.09375
0 0.36796875 0.69140625 0.203125 0.134375