0 0.6453125 0.08515625 0.0828125 0.1015625
0 0.4453125 0.053125 0.121875 0.10625
0 0.66953125 0.25546875 0.059375 0.09375
0 0.8875 0.578125 0.0671875 0.146875
0 0.74453125 0.628125 0.0515625 0.0671875
0 0.82734375 0.82890625 0.078125 0.08125
0 0.6125 0.87734375 0.08125 0.1203125
0 0.315625 0.578125 0.084375 0.0578125
0 0.384375 0.27421875 0.0703125 0.0703125
0 0.31640625 0.19453125 0.05 0.0515625
0 0.55859375 0.071875 0.05 0.0609375
0 0.81171875 0.253125 0.0625 0.0421875
0 0.72421875 0.47734375 0.065625 0.065625
0 0.546875 0.55 0.1171875 0.08125
0 0.7203125 0.8328125 0.10625 0.1453125
0 0.45390625 0.89921875 0.1609375 0.0953125
0 0.9296875 0.70859375 0.0640625 0.065625
0 0.88984375 0.4703125 0.0875 0.0828125
0 0.81328125 0.684375 0.0421875 0.0546875
0 0.2609375 0.10546875 0.1296875 0.0390625