0 0.2046875 0.61171875 0.1875 0.1578125
0 0.35703125 0.75859375 0.171875 0.1078125
0 0.40703125 0.6140625 0.2234375 0.159375
0 0.2546875 0.7328125 0.0890625 0.078125
0 0.17734375 0.4703125 0.0890625 0.0546875
0 0.340625 0.1421875 0.1015625 0.05625
0 0.6265625 0.20546875 0.125 0.096875
0 0.50234375 0.2125 0.0671875 0.06875
0 0.4515625 0.1375 0.0625 0.046875
0 0.59296875 0.1140625 0.121875 0.0796875
0 0.62890625 0.32265625 0.0625 0.0515625
0 0.309375 0.2390625 0.046875 0.059375
0 0.7703125 0.640625 0.046875 0.1