0 0.37890625 0.2796875 0.1203125 0.0921875
0 0.53515625 0.24140625 0.10625 0.0546875
0 0.409375 0.1953125 0.0875 0.046875
0 0.1421875 0.51875 0.0984375 0.0578125
0 0.25078125 0.63203125 0.09375 0.10625
0 0.35703125 0.59609375 0.046875 0.096875
0 0.16484375 0.66640625 0.0828125 0.0671875
0 0.2578125 0.81875 0.0765625 0.05625
0 0.2421875 0.90703125 0.1515625 0.0890625
0 0.45859375 0.7890625 0.1 0.0890625
0 0.4359375 0.66796875 0.1015625 0.05625
0 0.25 0.39140625 0.0640625 0.06875
0 0.20859375 0.740625 0.1640625 0.0890625
0 0.10234375 0.6875 0.0625 0.0375
0 0.3421875 0.8453125 0.0546875 0.034375
0 0.3625 0.94375 0.034375 0.0421875
0 0.73359375 0.2171875 0.0546875 0.0625