0 0.34375 0.4328125 0.1890625 0.309375
0 0.48828125 0.2734375 0.0625 0.0609375
0 0.43125 0.22109375 0.025 0.0703125
0 0.7484375 0.4484375 0.0421875 0.0796875
0 0.7171875 0.72421875 0.0859375 0.1578125
0 0.80234375 0.671875 0.04375 0.0859375
0 0.7046875 0.57109375 0.04375 0.1359375
0 0.43203125 0.52109375 0.0578125 0.0953125
0 0.4125 0.6359375 0.053125 0.0609375
0 0.446875 0.75546875 0.059375 0.128125
0 0.2 0.64609375 0.0375 0.0796875
0 0.2375 0.50078125 0.025 0.0671875
0 0.2109375 0.77109375 0.05 0.0796875
0 0.26328125 0.82578125 0.0140625 0.0390625
0 0.4375 0.94140625 0.0359375 0.0390625
0 0.64140625 0.7609375 0.0875 0.075
0 0.69765625 0.40625 0.046875 0.084375