0 0.57421875 0.64296875 0.084375 0.05625
0 0.53203125 0.29609375 0.0625 0.0984375
0 0.6375 0.29453125 0.0546875 0.0875
0 0.55078125 0.428125 0.0265625 0.0515625
0 0.64921875 0.625 0.10625 0.1015625
0 0.2359375 0.6484375 0.1109375 0.0984375
0 0.1859375 0.7671875 0.109375 0.1046875
0 0.10703125 0.7359375 0.059375 0.0703125
0 0.365625 0.65625 0.046875 0.0609375
0 0.3015625 0.7640625 0.1109375 0.1
0 0.440625 0.66328125 0.0359375 0.04375
0 0.49921875 0.9609375 0.0625 0.0546875
0 0.4609375 0.77421875 0.05625 0.0390625
0 0.546875 0.5875 0.078125 0.0484375