0 0.28515625 0.446875 0.34375 0.1875
0 0.109375 0.590625 0.1890625 0.24375
0 0.49140625 0.06953125 0.165625 0.0765625
0 0.6390625 0.21953125 0.103125 0.109375
0 0.80546875 0.56015625 0.171875 0.196875
0 0.90234375 0.36796875 0.1953125 0.1015625
0 0.53828125 0.42890625 0.1640625 0.240625
0 0.5421875 0.70546875 0.35 0.3171875
0 0.80390625 0.78984375 0.390625 0.240625
0 0.29609375 0.659375 0.1359375 0.2484375
0 0.24453125 0.8515625 0.275 0.1109375
0 0.21171875 0.31328125 0.0734375 0.0609375
0 0.3578125 0.18359375 0.1171875 0.05625
0 0.8203125 0.23359375 0.09375 0.1
0 0.70078125 0.37265625 0.109375 0.146875