0 0.12421875 0.609375 0.18125 0.1125
0 0.2875 0.63671875 0.1078125 0.065625
0 0.2421875 0.75390625 0.103125 0.0875
0 0.08984375 0.78046875 0.1734375 0.209375
0 0.26484375 0.9078125 0.16875 0.0734375
0 0.1796875 0.18984375 0.0859375 0.071875
0 0.2703125 0.24765625 0.1109375 0.0953125
0 0.20234375 0.090625 0.103125 0.08125
0 0.41875 0.0734375 0.0671875 0.06875
0 0.596875 0.0453125 0.146875 0.090625
0 0.6 0.1765625 0.059375 0.0671875
0 0.55546875 0.296875 0.0625 0.071875
0 0.20546875 0.38203125 0.0703125 0.08125
0 0.37890625 0.53125 0.0921875 0.0890625
0 0.16875 0.47734375 0.10625 0.071875
0 0.40625 0.69296875 0.034375 0.0484375
0 0.53515625 0.88046875 0.09375 0.0609375
0 0.5359375 0.43984375 0.071875 0.06875
0 0.4453125 0.95 0.1140625 0.0796875
0 0.08515625 0.34296875 0.04375 0.0453125
0 0.29765625 0.0234375 0.0390625 0.046875