0 0.475 0.3515625 0.175 0.10625
0 0.41875 0.503125 0.1171875 0.078125
0 0.0578125 0.4875 0.0953125 0.0671875
0 0.25234375 0.503125 0.1171875 0.084375
0 0.43828125 0.6546875 0.103125 0.178125
0 0.853125 0.34375 0.1609375 0.09375
0 0.69921875 0.42421875 0.05 0.0609375
0 0.8671875 0.52734375 0.253125 0.159375
0 0.603125 0.68359375 0.2046875 0.1890625
0 0.78359375 0.6765625 0.0890625 0.09375
0 0.24921875 0.7234375 0.159375 0.0671875
0 0.3265625 0.6515625 0.08125 0.046875
0 0.1625 0.62734375 0.146875 0.109375
0 0.07421875 0.79296875 0.0875 0.0734375
0 0.2125 0.80078125 0.0859375 0.0375
0 0.3046875 0.875 0.0859375 0.0390625
0 0.38828125 0.828125 0.0625 0.065625
0 0.4890625 0.8203125 0.0765625 0.0734375
0 0.6296875 0.3375 0.1375 0.0546875
0 0.61953125 0.02109375 0.1109375 0.0421875
0 0.16640625 0.33828125 0.05625 0.03125
0 0.4296875 0.23515625 0.1 0.078125
0 0.15546875 0.16796875 0.053125 0.04375
0 0.66796875 0.5546875 0.0671875 0.065625
0 0.565625 0.5671875 0.05 0.0546875
0 0.33203125 0.41796875 0.1375 0.0734375
0 0.059375 0.42109375 0.08125 0.0375
0 0.05546875 0.58203125 0.0546875 0.0703125