0 0.7421875 0.66796875 0.2328125 0.20625
0 0.80703125 0.50625 0.0578125 0.0578125
0 0.61484375 0.19921875 0.1375 0.0953125
0 0.453125 0.20625 0.175 0.10625
0 0.553125 0.12890625 0.1375 0.05
0 0.3203125 0.2296875 0.0890625 0.0875
0 0.3828125 0.3328125 0.059375 0.0578125
0 0.2640625 0.615625 0.071875 0.121875
0 0.57578125 0.65390625 0.0875 0.1375
0 0.42109375 0.6515625 0.059375 0.0359375
0 0.70078125 0.81484375 0.0828125 0.0703125
0 0.7609375 0.35390625 0.075 0.05625
0 0.90546875 0.40625 0.0640625 0.04375
0 0.7078125 0.278125 0.0890625 0.03125