0 0.34453125 0.5765625 0.0984375 0.090625
0 0.25546875 0.325 0.1640625 0.1140625
0 0.20546875 0.46328125 0.203125 0.153125
0 0.2375 0.57421875 0.0703125 0.06875
0 0.4234375 0.4671875 0.2265625 0.1703125
0 0.46328125 0.6109375 0.084375 0.0703125
0 0.671875 0.72109375 0.15 0.146875
0 0.53671875 0.73515625 0.0953125 0.0828125
0 0.39140625 0.89921875 0.109375 0.0984375
0 0.2140625 0.82734375 0.134375 0.059375
0 0.2453125 0.709375 0.053125 0.034375
0 0.76640625 0.48828125 0.1359375 0.0609375
0 0.5703125 0.2515625 0.109375 0.1125
0 0.61796875 0.3765625 0.1 0.084375
0 0.41796875 0.3296875 0.1109375 0.0796875
0 0.53984375 0.06953125 0.0390625 0.0515625
0 0.75546875 0.22890625 0.071875 0.1375
0 0.6609375 0.2046875 0.0390625 0.059375
0 0.6125 0.56796875 0.2046875 0.1265625
0 0.56796875 0.83359375 0.1421875 0.0609375
0 0.7609375 0.375 0.1453125 0.109375