0 0.89296875 0.3890625 0.2125 0.159375
0 0.64921875 0.2796875 0.0890625 0.046875
0 0.5046875 0.290625 0.0828125 0.046875
0 0.5015625 0.4078125 0.0984375 0.0828125
0 0.67421875 0.5203125 0.20625 0.140625
0 0.71484375 0.37109375 0.125 0.0703125
0 0.53515625 0.6375 0.0828125 0.059375
0 0.65703125 0.70078125 0.06875 0.0625
0 0.97421875 0.75 0.0515625 0.0515625
0 0.821875 0.76875 0.0640625 0.0703125
0 0.9078125 0.91875 0.08125 0.0734375
0 0.809375 0.86953125 0.0890625 0.0609375
0 0.8484375 0.62890625 0.0921875 0.0625
0 0.8546875 0.5359375 0.09375 0.0546875
0 0.6671875 0.63359375 0.0703125 0.0453125
0 0.5578125 0.34140625 0.1140625 0.046875
0 0.63984375 0.09296875 0.140625 0.0515625
0 0.7734375 0.05546875 0.0890625 0.065625
0 0.5953125 0.1484375 0.1 0.0609375
0 0.7421875 0.68984375 0.09375 0.0984375
0 0.90625 0.784375 0.0671875 0.140625
0 0.9734375 0.60703125 0.053125 0.053125
0 0.4390625 0.6328125 0.0515625 0.05625