0 0.6859375 0.23984375 0.1484375 0.1421875
0 0.45 0.11171875 0.078125 0.215625
0 0.36953125 0.21015625 0.0625 0.178125
0 0.3828125 0.3859375 0.0734375 0.078125
0 0.47578125 0.38828125 0.0890625 0.1875
0 0.4046875 0.73984375 0.0953125 0.1921875
0 0.4828125 0.57734375 0.0484375 0.0734375
0 0.5796875 0.37421875 0.065625 0.0921875
0 0.5578125 0.2234375 0.0828125 0.15
0 0.30078125 0.42890625 0.0765625 0.146875
0 0.24765625 0.7421875 0.0703125 0.11875
0 0.49453125 0.7828125 0.0703125 0.109375
0 0.3421875 0.9265625 0.1296875 0.146875
0 0.2921875 0.60078125 0.03125 0.0546875
0 0.334375 0.73984375 0.040625 0.1328125
0 0.303125 0.26015625 0.05625 0.1375
0 0.52578125 0.0296875 0.0546875 0.059375
0 0.35703125 0.0390625 0.0484375 0.059375
0 0.28046875 0.0546875 0.03125 0.0453125
0 0.1765625 0.79453125 0.053125 0.20625
0 0.125 0.46328125 0.096875 0.090625
0 0.47421875 0.9265625 0.0625 0.0734375
0 0.6578125 0.09140625 0.08125 0.1453125
0 0.62109375 0.48203125 0.0328125 0.0640625
0 0.375 0.534375 0.065625 0.1875
0 0.59140625 0.9703125 0.0484375 0.05