0 0.51015625 0.60078125 0.2671875 0.15
0 0.7640625 0.5796875 0.059375 0.0359375
0 0.71171875 0.07734375 0.078125 0.05625
0 0.65078125 0.19375 0.0765625 0.0390625
0 0.83359375 0.2328125 0.09375 0.0609375
0 0.775 0.37265625 0.11875 0.1078125
0 0.61171875 0.465625 0.103125 0.0640625
0 0.3015625 0.2953125 0.0546875 0.0390625
0 0.29765625 0.09921875 0.0859375 0.1140625
0 0.21640625 0.4609375 0.1625 0.225
0 0.36953125 0.47109375 0.0671875 0.0671875
0 0.5171875 0.36015625 0.0765625 0.0921875
0 0.61953125 0.07890625 0.0671875 0.05
0 0.11171875 0.25390625 0.0953125 0.0859375
0 0.07109375 0.465625 0.0765625 0.109375
0 0.32265625 0.6046875 0.084375 0.103125
0 0.38125 0.353125 0.053125 0.0625
0 0.65546875 0.38828125 0.0765625 0.096875
0 0.71328125 0.52734375 0.04375 0.0609375
0 0.54921875 0.15 0.1328125 0.0640625
0 0.33828125 0.1984375 0.171875 0.103125
0 0.53828125 0.25625 0.1921875 0.11875