0 0.40859375 0.69453125 0.134375 0.128125
0 0.434375 0.5125 0.1421875 0.23125
0 0.30625 0.5921875 0.11875 0.2078125
0 0.71875 0.3609375 0.0484375 0.0625
0 0.709375 0.45625 0.059375 0.08125
0 0.49296875 0.671875 0.0328125 0.115625
0 0.625 0.74453125 0.034375 0.05
0 0.69375 0.2140625 0.109375 0.20625
0 0.7734375 0.23359375 0.04375 0.1828125
0 0.58359375 0.17421875 0.059375 0.0640625
0 0.67109375 0.06796875 0.0875 0.0609375
0 0.38203125 0.10625 0.09375 0.078125
0 0.3953125 0.38359375 0.0265625 0.0546875
0 0.55625 0.72109375 0.0296875 0.071875