0 0.3203125 0.8265625 0.0859375 0.09375
0 0.31328125 0.68984375 0.0359375 0.059375
0 0.2265625 0.48203125 0.0640625 0.0703125
0 0.2046875 0.26640625 0.0515625 0.046875
0 0.28984375 0.2109375 0.0390625 0.0578125
0 0.46875 0.3046875 0.05625 0.059375
0 0.3890625 0.21640625 0.0484375 0.0390625
0 0.5578125 0.3484375 0.0671875 0.0890625
0 0.48125 0.3765625 0.0375 0.0515625
0 0.3828125 0.3140625 0.0359375 0.0328125
0 0.66015625 0.6 0.0546875 0.078125
0 0.60234375 0.57421875 0.0453125 0.0578125
0 0.51640625 0.60703125 0.0875 0.0953125
0 0.62421875 0.728125 0.0421875 0.0609375
0 0.71015625 0.91171875 0.0421875 0.0671875
0 0.48828125 0.77265625 0.05625 0.0890625
0 0.40703125 0.73671875 0.1 0.1828125
0 0.23828125 0.803125 0.084375 0.0890625
0 0.35703125 0.9390625 0.0796875 0.046875
0 0.465625 0.9765625 0.0421875 0.046875
0 0.6296875 0.93828125 0.059375 0.08125
0 0.5875 0.78515625 0.05625 0.0546875
0 0.31328125 0.51796875 0.0546875 0.05625
0 0.2484375 0.4265625 0.04375 0.0421875