0 0.3 0.3609375 0.0578125 0.0484375
0 0.24375 0.06640625 0.0578125 0.1
0 0.47265625 0.5046875 0.1 0.1875
0 0.22578125 0.2515625 0.1765625 0.15625
0 0.16953125 0.6390625 0.1859375 0.1890625
0 0.40234375 0.66796875 0.1265625 0.2125
0 0.1671875 0.765625 0.053125 0.078125
0 0.13046875 0.86171875 0.053125 0.0578125
0 0.5390625 0.65546875 0.096875 0.090625
0 0.16953125 0.4953125 0.0859375 0.0828125
0 0.31171875 0.50546875 0.0515625 0.0609375
0 0.11328125 0.24609375 0.0515625 0.15625
0 0.09140625 0.42265625 0.0515625 0.1203125
0 0.021875 0.5 0.040625 0.0625
0 0.22734375 0.41875 0.11875 0.1296875
0 0.32734375 0.81640625 0.11875 0.0609375
0 0.23203125 0.8390625 0.040625 0.053125
0 0.35859375 0.14453125 0.0453125 0.0390625
0 0.475 0.3640625 0.078125 0.0640625
0 0.34765625 0.334375 0.028125 0.0578125
0 0.303125 0.6875 0.0484375 0.10625
0 0.03984375 0.3046875 0.078125 0.0578125
0 0.12265625 0.03359375 0.040625 0.0484375
0 0.565625 0.49765625 0.0359375 0.0640625