0 0.59921875 0.4546875 0.1453125 0.2125
0 0.30078125 0.45703125 0.1140625 0.0625
0 0.19453125 0.53046875 0.0984375 0.1171875
0 0.35625 0.75 0.2671875 0.1609375
0 0.5375 0.6953125 0.0953125 0.140625
0 0.47421875 0.4859375 0.0765625 0.115625
0 0.40078125 0.57890625 0.0984375 0.0953125
0 0.259375 0.628125 0.0859375 0.04375
0 0.7453125 0.7625 0.121875 0.0796875
0 0.91328125 0.78515625 0.090625 0.0609375
0 0.65625 0.853125 0.15 0.1328125
0 0.89375 0.88125 0.0859375 0.0703125
0 0.8328125 0.5265625 0.0984375 0.071875
0 0.87109375 0.3421875 0.1046875 0.1
0 0.4953125 0.2953125 0.0859375 0.06875
0 0.234375 0.23828125 0.11875 0.1078125
0 0.484375 0.3859375 0.0796875 0.0703125
0 0.253125 0.37890625 0.1359375 0.0859375
0 0.7546875 0.33125 0.08125 0.06875
0 0.7390625 0.45390625 0.078125 0.1375
0 0.57265625 0.59765625 0.0515625 0.0390625
0 0.6515625 0.690625 0.0703125 0.0859375
0 0.7421875 0.5796875 0.0640625 0.0640625