0 0.6921875 0.44765625 0.1171875 0.2203125
0 0.46953125 0.28828125 0.109375 0.1203125
0 0.58359375 0.29140625 0.0515625 0.0765625
0 0.67890625 0.22578125 0.1 0.0609375
0 0.33125 0.3 0.0734375 0.1046875
0 0.27265625 0.46328125 0.0390625 0.084375
0 0.44453125 0.409375 0.0625 0.090625
0 0.43984375 0.63515625 0.05 0.14375
0 0.36796875 0.48125 0.0921875 0.215625
0 0.24296875 0.79375 0.071875 0.225
0 0.27578125 0.5765625 0.1109375 0.1140625
0 0.62734375 0.89375 0.0375 0.078125
0 0.846875 0.67578125 0.08125 0.2453125