0 0.81484375 0.29140625 0.0734375 0.0609375
0 0.72890625 0.18984375 0.0671875 0.071875
0 0.7828125 0.365625 0.071875 0.0703125
0 0.8765625 0.39140625 0.0375 0.075
0 0.865625 0.5703125 0.0484375 0.09375
0 0.80859375 0.7265625 0.0359375 0.071875
0 0.79765625 0.81015625 0.2015625 0.125
0 0.634375 0.74765625 0.021875 0.04375
0 0.74296875 0.9203125 0.171875 0.08125
0 0.4359375 0.2984375 0.0890625 0.0390625
0 0.725 0.28359375 0.04375 0.0671875
0 0.69140625 0.36328125 0.0640625 0.046875
0 0.81640625 0.5609375 0.04375 0.05625
0 0.73984375 0.65859375 0.0625 0.065625
0 0.6265625 0.9296875 0.05 0.0484375