0 0.8234375 0.72578125 0.0703125 0.0703125
0 0.54296875 0.8390625 0.0546875 0.04375
0 0.64921875 0.8765625 0.0625 0.0546875
0 0.596875 0.7203125 0.05 0.059375
0 0.67734375 0.76484375 0.04375 0.0625
0 0.7796875 0.63515625 0.0703125 0.0609375
0 0.528125 0.60078125 0.159375 0.125
0 0.403125 0.3765625 0.028125 0.0453125
0 0.56484375 0.321875 0.0453125 0.046875
0 0.89609375 0.39921875 0.159375 0.1328125
0 0.27109375 0.5140625 0.0625 0.08125
0 0.5375 0.90703125 0.1328125 0.0828125
0 0.36796875 0.859375 0.0625 0.05625
0 0.58046875 0.5140625 0.0421875 0.034375
0 0.7921875 0.40546875 0.0203125 0.059375
0 0.81015625 0.23359375 0.0640625 0.08125
0 0.9046875 0.6953125 0.0734375 0.0375
0 0.89140625 0.5046875 0.059375 0.04375
0 0.6859375 0.70390625 0.0625 0.0421875