0 0.896875 0.4984375 0.125 0.0875
0 0.76640625 0.5390625 0.1078125 0.0625
0 0.634375 0.61953125 0.0453125 0.0875
0 0.7796875 0.76328125 0.0734375 0.05625
0 0.69140625 0.79375 0.0796875 0.0515625
0 0.7328125 0.8765625 0.0359375 0.05
0 0.85859375 0.6234375 0.0296875 0.04375
0 0.77734375 0.64296875 0.08125 0.1015625
0 0.8609375 0.7734375 0.0421875 0.0515625
0 0.9296875 0.78984375 0.015625 0.059375
0 0.8046875 0.86015625 0.040625 0.0828125
0 0.76640625 0.2296875 0.046875 0.0671875
0 0.90859375 0.37890625 0.0375 0.065625
0 0.91875 0.7 0.05 0.0421875
0 0.4921875 0.684375 0.028125 0.0515625