0 0.49921875 0.2609375 0.1984375 0.1578125
0 0.70625 0.20546875 0.1765625 0.25625
0 0.52421875 0.50546875 0.18125 0.10625
0 0.6796875 0.70078125 0.103125 0.075
0 0.1546875 0.534375 0.065625 0.0734375
0 0.31640625 0.4796875 0.0765625 0.09375
0 0.5421875 0.38984375 0.0890625 0.0734375
0 0.46328125 0.715625 0.075 0.0640625
0 0.41484375 0.890625 0.053125 0.0734375
0 0.50078125 0.85546875 0.084375 0.1109375
0 0.60703125 0.61796875 0.059375 0.065625
0 0.50546875 0.6390625 0.065625 0.05
0 0.690625 0.409375 0.1125 0.15
0 0.378125 0.73984375 0.0796875 0.0890625
0 0.396875 0.43125 0.0640625 0.0609375
0 0.84140625 0.315625 0.05625 0.065625
0 0.83125 0.6453125 0.053125 0.0640625
0 0.76875 0.73046875 0.04375 0.0578125
0 0.609375 0.803125 0.0828125 0.0734375