0 0.67734375 0.346875 0.0671875 0.046875
0 0.84921875 0.5546875 0.08125 0.1
0 0.640625 0.66015625 0.0890625 0.0859375
0 0.6859375 0.80078125 0.1015625 0.0734375
0 0.59453125 0.89296875 0.078125 0.0796875
0 0.96953125 0.62265625 0.0609375 0.15
0 0.86484375 0.7265625 0.0984375 0.0859375
0 0.61640625 0.084375 0.10625 0.1046875
0 0.353125 0.04375 0.071875 0.0625
0 0.4796875 0.0671875 0.109375 0.1125
0 0.3109375 0.2609375 0.1140625 0.0703125
0 0.278125 0.56953125 0.046875 0.0734375
0 0.53984375 0.51171875 0.03125 0.0578125
0 0.7375 0.53828125 0.078125 0.0890625
0 0.71328125 0.6453125 0.059375 0.0734375
0 0.86484375 0.6421875 0.09375 0.0671875
0 0.45078125 0.89375 0.0640625 0.078125
0 0.70390625 0.89296875 0.078125 0.0578125
0 0.85859375 0.81875 0.0984375 0.0453125
0 0.67890625 0.27109375 0.1671875 0.084375
0 0.81015625 0.38359375 0.10625 0.0984375
0 0.78671875 0.78359375 0.040625 0.1