0 0.73125 0.80078125 0.1328125 0.30625
0 0.63359375 0.703125 0.0671875 0.090625
0 0.5203125 0.22421875 0.096875 0.1265625
0 0.625 0.18359375 0.109375 0.0734375
0 0.8046875 0.4890625 0.04375 0.1828125
0 0.72578125 0.61328125 0.1125 0.0734375
0 0.62421875 0.615625 0.0875 0.0609375
0 0.41484375 0.7234375 0.0609375 0.16875
0 0.509375 0.371875 0.05625 0.1359375
0 0.43984375 0.2546875 0.0640625 0.08125
0 0.5515625 0.10390625 0.2015625 0.0984375
0 0.7234375 0.309375 0.0515625 0.128125
0 0.6515625 0.81796875 0.028125 0.071875