0 0.621875 0.19609375 0.1203125 0.071875
0 0.575 0.103125 0.178125 0.0828125
0 0.4125 0.25546875 0.2 0.1328125
0 0.27109375 0.51953125 0.228125 0.0984375
0 0.575 0.37890625 0.103125 0.05
0 0.67890625 0.734375 0.146875 0.0625
0 0.54453125 0.83203125 0.275 0.0875
0 0.1953125 0.9265625 0.16875 0.146875
0 0.1015625 0.55703125 0.059375 0.0671875
0 0.25 0.390625 0.1390625 0.0984375
0 0.24609375 0.22734375 0.13125 0.0796875
0 0.528125 0.45 0.1109375 0.053125
0 0.52890625 0.57265625 0.153125 0.10625
0 0.83046875 0.52890625 0.109375 0.06875
0 0.63359375 0.290625 0.184375 0.06875
0 0.303125 0.11015625 0.178125 0.06875
0 0.0875 0.26640625 0.128125 0.075
0 0.128125 0.17421875 0.1359375 0.071875
0 0.503125 0.69765625 0.128125 0.1046875