0 0.190625 0.0421875 0.0515625 0.0734375
0 0.3578125 0.3875 0.109375 0.1421875
0 0.39921875 0.16953125 0.1453125 0.13125
0 0.253125 0.2625 0.0546875 0.0796875
0 0.221875 0.11640625 0.0859375 0.0515625
0 0.578125 0.3015625 0.071875 0.1796875
0 0.63046875 0.5109375 0.071875 0.10625
0 0.5265625 0.73203125 0.090625 0.1671875
0 0.6734375 0.8453125 0.0859375 0.10625
0 0.51875 0.51328125 0.1140625 0.23125
0 0.41484375 0.0390625 0.0828125 0.0640625
0 0.30390625 0.18515625 0.03125 0.0765625
0 0.40390625 0.26796875 0.06875 0.0578125
0 0.50078125 0.1375 0.0453125 0.0765625
0 0.7609375 0.17578125 0.078125 0.0828125
0 0.70625 0.4453125 0.08125 0.0796875
0 0.62109375 0.42578125 0.0875 0.0578125
0 0.66796875 0.6546875 0.05 0.0796875
0 0.57265625 0.8875 0.0703125 0.0828125
0 0.759375 0.9421875 0.0453125 0.0734375
0 0.73125 0.7625 0.046875 0.0421875
0 0.6921875 0.9375 0.0375 0.0703125
0 0.68046875 0.1109375 0.0390625 0.075