0 0.0984375 0.6421875 0.084375 0.134375
0 0.53671875 0.2671875 0.0703125 0.0796875
0 0.28828125 0.06484375 0.1390625 0.103125
0 0.625 0.0359375 0.0875 0.059375
0 0.69140625 0.23515625 0.0640625 0.059375
0 0.78203125 0.6859375 0.1265625 0.10625
0 0.31171875 0.56484375 0.0765625 0.0796875
0 0.43671875 0.72109375 0.190625 0.209375
0 0.71796875 0.4640625 0.1375 0.134375
0 0.528125 0.55703125 0.0625 0.071875
0 0.625 0.71171875 0.1265625 0.1140625
0 0.70703125 0.86796875 0.096875 0.1859375
0 0.2484375 0.66796875 0.096875 0.13125
0 0.0984375 0.79609375 0.0640625 0.059375
0 0.25703125 0.209375 0.0390625 0.075
0 0.03671875 0.08125 0.0578125 0.059375
0 0.13671875 0.18203125 0.0765625 0.075
0 0.0703125 0.50390625 0.053125 0.11875
0 0.21640625 0.44453125 0.0609375 0.0953125
0 0.19140625 0.25859375 0.053125 0.040625
0 0.5296875 0.39921875 0.0875 0.134375
0 0.4265625 0.4328125 0.034375 0.059375
0 0.44140625 0.23515625 0.0765625 0.1265625
0 0.43671875 0.08515625 0.1265625 0.15
0 0.1296875 0.284375 0.053125 0.075
0 0.3265625 0.21953125 0.046875 0.1109375
0 0.6203125 0.54375 0.0625 0.209375
0 0.63359375 0.84765625 0.046875 0.090625
0 0.61484375 0.33203125 0.0359375 0.071875
0 0.53359375 0.1875 0.04375 0.0515625
0 0.46484375 0.334375 0.0234375 0.03125
0 0.38515625 0.31796875 0.0234375 0.115625