0 0.378125 0.415625 0.0859375 0.09375
0 0.38203125 0.28125 0.0625 0.06875
0 0.5015625 0.18828125 0.14375 0.05625
0 0.36328125 0.06171875 0.0921875 0.05625
0 0.73828125 0.19140625 0.1296875 0.16875
0 0.71015625 0.41015625 0.153125 0.1171875
0 0.85859375 0.5015625 0.065625 0.0734375
0 0.521875 0.4796875 0.11875 0.065625
0 0.46640625 0.58984375 0.209375 0.1515625
0 0.375 0.75546875 0.2921875 0.1515625
0 0.88671875 0.67421875 0.1359375 0.1921875
0 0.7546875 0.55703125 0.115625 0.16875
0 0.70703125 0.74140625 0.1390625 0.1171875
0 0.59296875 0.734375 0.0703125 0.090625
0 0.51875 0.884375 0.0625 0.05625
0 0.11796875 0.56171875 0.059375 0.059375
0 0.30703125 0.60859375 0.0921875 0.1171875
0 0.25 0.46875 0.10625 0.0859375
0 0.85859375 0.0328125 0.09375 0.059375
0 0.86796875 0.1203125 0.10625 0.1109375
0 0.5703125 0.1140625 0.0921875 0.0859375
0 0.66875 0.07734375 0.0421875 0.0453125
0 0.55703125 0.25859375 0.0796875 0.0453125
0 0.58828125 0.38984375 0.0671875 0.059375
0 0.86640625 0.2640625 0.0359375 0.059375
0 0.9703125 0.315625 0.05625 0.065625
0 0.64140625 0.6015625 0.05 0.090625