0 0.44765625 0.1546875 0.121875 0.0875
0 0.53203125 0.06640625 0.0953125 0.096875
0 0.26328125 0.284375 0.1765625 0.1
0 0.25625 0.40078125 0.0921875 0.06875
0 0.184375 0.47578125 0.1 0.071875
0 0.35625 0.5921875 0.078125 0.0890625
0 0.125 0.83515625 0.2265625 0.2390625
0 0.29375 0.875 0.0953125 0.196875
0 0.10703125 0.62890625 0.1359375 0.10625
0 0.08046875 0.403125 0.0703125 0.1015625
0 0.440625 0.94375 0.20625 0.0875
0 0.63671875 0.11796875 0.0703125 0.065625
0 0.2328125 0.58125 0.08125 0.075
0 0.25390625 0.7265625 0.0875 0.0578125
0 0.3859375 0.7203125 0.0734375 0.0703125
0 0.0546875 0.50625 0.08125 0.0609375
0 0.6625 0.23828125 0.0734375 0.0609375