0 0.36015625 0.2 0.1046875 0.0609375
0 0.19296875 0.4046875 0.1046875 0.053125
0 0.58828125 0.62109375 0.2390625 0.153125
0 0.8984375 0.5078125 0.1484375 0.109375
0 0.79921875 0.2859375 0.1046875 0.053125
0 0.6828125 0.18828125 0.090625 0.046875
0 0.50546875 0.05703125 0.128125 0.065625
0 0.80703125 0.16640625 0.1453125 0.071875
0 0.92890625 0.27421875 0.1421875 0.1578125
0 0.94453125 0.409375 0.1046875 0.075
0 0.771875 0.4203125 0.1546875 0.0609375
0 0.76484375 0.53515625 0.1296875 0.1359375
0 0.83984375 0.65859375 0.2734375 0.165625
0 0.65234375 0.778125 0.1546875 0.1265625
0 0.50703125 0.83828125 0.1140625 0.0609375
0 0.3984375 0.6171875 0.0609375 0.0578125
0 0.54375 0.2 0.0875 0.059375
0 0.65390625 0.13203125 0.1453125 0.05