0 0.4890625 0.2484375 0.0578125 0.06875
0 0.24609375 0.421875 0.0953125 0.0796875
0 0.05859375 0.5859375 0.0546875 0.0515625
0 0.196875 0.709375 0.0953125 0.0953125
0 0.321875 0.771875 0.165625 0.0875
0 0.4421875 0.7640625 0.0625 0.0671875
0 0.39609375 0.8578125 0.1328125 0.059375
0 0.25 0.82265625 0.084375 0.0390625
0 0.28515625 0.65546875 0.065625 0.059375
0 0.0984375 0.5015625 0.0578125 0.0625
0 0.14375 0.43046875 0.0765625 0.0453125
0 0.38984375 0.25703125 0.1140625 0.10625
0 0.6296875 0.22578125 0.0984375 0.0859375
0 0.55234375 0.346875 0.05625 0.04375
0 0.4875 0.5859375 0.125 0.0625
0 0.37734375 0.61640625 0.0390625 0.0421875
0 0.590625 0.9296875 0.0546875 0.05625
0 0.471875 0.9609375 0.065625 0.0390625
0 0.5046875 0.6859375 0.0546875 0.0515625
0 0.6875 0.6484375 0.05625 0.084375
0 0.6046875 0.54296875 0.0453125 0.0515625
0 0.2203125 0.53984375 0.05625 0.046875
0 0.109375 0.6765625 0.0515625 0.04375
0 0.4828125 0.3171875 0.028125 0.03125