0 0.653125 0.6828125 0.10625 0.140625
0 0.58203125 0.0625 0.046875 0.103125
0 0.7171875 0.33984375 0.165625 0.171875
0 0.66484375 0.0625 0.1171875 0.125
0 0.59765625 0.378125 0.06875 0.2078125
0 0.49140625 0.30390625 0.0328125 0.08125
0 0.35703125 0.15703125 0.05 0.0625
0 0.4046875 0.51328125 0.1484375 0.346875
0 0.52734375 0.80703125 0.1625 0.2234375
0 0.675 0.88984375 0.125 0.1890625
0 0.171875 0.66875 0.0640625 0.1015625
0 0.315625 0.81328125 0.0703125 0.08125
0 0.1984375 0.85546875 0.090625 0.053125
0 0.4078125 0.76796875 0.065625 0.1390625
0 0.2796875 0.5203125 0.090625 0.26875
0 0.33046875 0.2640625 0.09375 0.121875
0 0.759375 0.1234375 0.046875 0.0890625
0 0.5296875 0.05390625 0.0484375 0.0671875
0 0.6953125 0.20546875 0.04375 0.04375
0 0.6046875 0.18984375 0.0625 0.0859375
0 0.52421875 0.603125 0.065625 0.153125
0 0.81796875 0.4453125 0.028125 0.0609375
0 0.51875 0.45234375 0.0453125 0.0625