0 0.446875 0.03671875 0.09375 0.0703125
0 0.3046875 0.0484375 0.125 0.078125
0 0.28515625 0.22265625 0.1984375 0.2171875
0 0.55078125 0.38203125 0.0921875 0.134375
0 0.4328125 0.54765625 0.1328125 0.1
0 0.1171875 0.34765625 0.0640625 0.0390625
0 0.16640625 0.48515625 0.0953125 0.05
0 0.24765625 0.61015625 0.0859375 0.0578125
0 0.38671875 0.63671875 0.1171875 0.0421875
0 0.28515625 0.67578125 0.0859375 0.028125
0 0.50078125 0.134375 0.1921875 0.1328125
0 0.4453125 0.35 0.1296875 0.2421875
0 0.33671875 0.47421875 0.096875 0.053125
0 0.15078125 0.62421875 0.059375 0.071875
0 0.22421875 0.5484375 0.05625 0.03125
0 0.53828125 0.50625 0.04375 0.06875