0 0.6046875 0.12890625 0.065625 0.05
0 0.41015625 0.33671875 0.0578125 0.0578125
0 0.37734375 0.63125 0.1109375 0.1296875
0 0.571875 0.66484375 0.0953125 0.084375
0 0.46640625 0.80078125 0.0921875 0.1640625
0 0.6921875 0.084375 0.078125 0.0671875
0 0.7875 0.24609375 0.065625 0.0484375
0 0.740625 0.1828125 0.05625 0.0578125
0 0.396875 0.940625 0.071875 0.05
0 0.23984375 0.82890625 0.084375 0.05625
0 0.3515625 0.41953125 0.0796875 0.0546875
0 0.56640625 0.53515625 0.05625 0.046875
0 0.58984375 0.75078125 0.059375 0.0515625
0 0.790625 0.31875 0.05625 0.046875