0 0.3546875 0.2890625 0.0859375 0.0921875
0 0.43359375 0.2984375 0.034375 0.0359375
0 0.5171875 0.3125 0.078125 0.0484375
0 0.3640625 0.2078125 0.0546875 0.053125
0 0.16171875 0.54609375 0.0703125 0.059375
0 0.1921875 0.69765625 0.0671875 0.071875
0 0.11171875 0.65859375 0.053125 0.05
0 0.1140625 0.7546875 0.0265625 0.05
0 0.29609375 0.82265625 0.1546875 0.1546875
0 0.29609375 0.6125 0.084375 0.0734375
0 0.28359375 0.69921875 0.059375 0.06875
0 0.28515625 0.94296875 0.196875 0.1
0 0.43984375 0.8375 0.0546875 0.06875
0 0.6921875 0.384375 0.0453125 0.0390625
0 0.59296875 0.79140625 0.0546875 0.03125