0 0.69609375 0.35390625 0.0984375 0.0703125
0 0.7609375 0.2734375 0.0828125 0.071875
0 0.26484375 0.653125 0.0578125 0.0828125
0 0.4484375 0.7203125 0.1671875 0.184375
0 0.4328125 0.93125 0.1515625 0.0921875
0 0.2546875 0.778125 0.065625 0.0546875
0 0.57734375 0.80703125 0.125 0.025
0 0.6734375 0.434375 0.0203125 0.05
0 0.54453125 0.609375 0.0328125 0.034375
0 0.57734375 0.940625 0.0859375 0.071875
0 0.378125 0.46875 0.0546875 0.04375
0 0.61796875 0.334375 0.0515625 0.0609375
0 0.62421875 0.48671875 0.0265625 0.065625