0 0.4421875 0.253125 0.1625 0.1484375
0 0.3125 0.25078125 0.04375 0.053125
0 0.3 0.32578125 0.0546875 0.0609375
0 0.1890625 0.48359375 0.05625 0.05625
0 0.4 0.55234375 0.059375 0.08125
0 0.296875 0.63359375 0.1390625 0.1859375
0 0.43515625 0.690625 0.1171875 0.1
0 0.33125 0.778125 0.0484375 0.075
0 0.23984375 0.9 0.059375 0.0640625
0 0.25 0.790625 0.121875 0.125
0 0.1796875 0.66015625 0.05625 0.1359375
0 0.47578125 0.3828125 0.046875 0.0640625
0 0.47109375 0.48515625 0.0359375 0.0578125
0 0.58515625 0.434375 0.03125 0.075
0 0.5328125 0.578125 0.0265625 0.0609375
0 0.38671875 0.8578125 0.0984375 0.053125
0 0.20390625 0.5546875 0.0296875 0.04375
0 0.17109375 0.89921875 0.071875 0.109375
0 0.08359375 0.55234375 0.0359375 0.040625
0 0.378125 0.44765625 0.0453125 0.05625
0 0.31875 0.1203125 0.0453125 0.084375