0 0.17265625 0.2578125 0.0984375 0.1625
0 0.3859375 0.24609375 0.2359375 0.209375
0 0.56640625 0.51171875 0.075 0.128125
0 0.62890625 0.234375 0.04375 0.0765625
0 0.6546875 0.39765625 0.065625 0.075
0 0.69453125 0.85390625 0.2 0.2921875
0 0.153125 0.7 0.1484375 0.1046875
0 0.34375 0.55078125 0.0703125 0.1
0 0.4703125 0.55390625 0.1390625 0.1796875
0 0.4734375 0.73828125 0.19375 0.1765625
0 0.88046875 0.42109375 0.134375 0.159375
0 0.57578125 0.3390625 0.090625 0.0625
0 0.75703125 0.2421875 0.0625 0.0765625
0 0.17578125 0.4171875 0.1046875 0.0765625
0 0.3421875 0.690625 0.0375 0.071875