0 0.1890625 0.14609375 0.0515625 0.05625
0 0.1921875 0.284375 0.0453125 0.0625
0 0.08984375 0.36953125 0.096875 0.16875
0 0.21328125 0.5109375 0.115625 0.3234375
0 0.12890625 0.4890625 0.0421875 0.0703125
0 0.05703125 0.5109375 0.0515625 0.0578125
0 0.06171875 0.61640625 0.0703125 0.071875
0 0.10234375 0.5484375 0.040625 0.0625
0 0.1328125 0.6703125 0.0375 0.0421875
0 0.04140625 0.71484375 0.03125 0.0625
0 0.353125 0.63515625 0.0984375 0.3109375
0 0.13984375 0.77265625 0.0453125 0.065625
0 0.24375 0.78671875 0.04375 0.0546875
0 0.16953125 0.83515625 0.0703125 0.059375
0 0.29140625 0.8203125 0.140625 0.1421875
0 0.40234375 0.784375 0.0890625 0.125