0 0.7703125 0.1328125 0.0640625 0.0859375
0 0.54765625 0.1375 0.0546875 0.053125
0 0.66328125 0.10390625 0.04375 0.04375
0 0.375 0.3765625 0.05 0.040625
0 0.38515625 0.46875 0.0484375 0.1078125
0 0.5390625 0.5671875 0.0453125 0.0828125
0 0.39375 0.57890625 0.1375 0.0484375
0 0.415625 0.7078125 0.0671875 0.0734375
0 0.4484375 0.8390625 0.140625 0.10625
0 0.66875 0.5390625 0.0609375 0.059375
0 0.45546875 0.3296875 0.0328125 0.04375
0 0.90625 0.31484375 0.0328125 0.05625
0 0.30703125 0.4171875 0.046875 0.046875
0 0.52265625 0.6890625 0.1171875 0.04375
0 0.42890625 0.2046875 0.0578125 0.0484375