0 0.5453125 0.31328125 0.046875 0.1046875
0 0.38984375 0.478125 0.0875 0.125
0 0.46328125 0.40078125 0.103125 0.1921875
0 0.309375 0.475 0.08125 0.225
0 0.290625 0.690625 0.0375 0.0703125
0 0.4796875 0.6109375 0.0671875 0.071875
0 0.565625 0.43359375 0.03125 0.059375
0 0.54296875 0.584375 0.0453125 0.05625
0 0.45078125 0.24140625 0.0515625 0.0828125
0 0.3109375 0.2734375 0.025 0.0359375
0 0.42109375 0.08125 0.0265625 0.0453125
0 0.38984375 0.11953125 0.0390625 0.053125
0 0.37890625 0.23359375 0.0265625 0.0453125