0 0.57578125 0.29296875 0.046875 0.065625
0 0.43671875 0.521875 0.209375 0.165625
0 0.29609375 0.51171875 0.071875 0.0828125
0 0.3046875 0.68671875 0.046875 0.0796875
0 0.5 0.62578125 0.125 0.0765625
0 0.49140625 0.40859375 0.10625 0.065625
0 0.60390625 0.4390625 0.0328125 0.071875
0 0.4484375 0.09609375 0.053125 0.0671875
0 0.3203125 0.27109375 0.040625 0.0828125
0 0.503125 0.28984375 0.0953125 0.171875
0 0.35703125 0.4109375 0.053125 0.059375
0 0.409375 0.24296875 0.0328125 0.0390625
0 0.38515625 0.70234375 0.0359375 0.053125