0 0.43359375 0.25625 0.134375 0.1640625
0 0.303125 0.10859375 0.059375 0.0671875
0 0.7859375 0.25859375 0.078125 0.075
0 0.71953125 0.13046875 0.0515625 0.075
0 0.74375 0.0421875 0.0703125 0.0671875
0 0.85625 0.41171875 0.1234375 0.1109375
0 0.6546875 0.61484375 0.30625 0.2078125
0 0.43515625 0.57734375 0.1296875 0.1859375
0 0.46484375 0.71875 0.059375 0.0578125
0 0.55625 0.25 0.0703125 0.128125
0 0.66875 0.22578125 0.0734375 0.1109375
0 0.55234375 0.08828125 0.109375 0.1421875
0 0.66484375 0.07734375 0.0671875 0.1375
0 0.23828125 0.6015625 0.1375 0.09375
0 0.82109375 0.1109375 0.025 0.0578125