0 0.47109375 0.20546875 0.1109375 0.19375
0 0.65390625 0.27734375 0.1046875 0.1234375
0 0.65703125 0.071875 0.059375 0.0734375
0 0.78359375 0.05234375 0.0484375 0.0625
0 0.64765625 0.609375 0.046875 0.0796875
0 0.6 0.48203125 0.053125 0.1015625
0 0.68125 0.8859375 0.0625 0.1
0 0.3765625 0.48984375 0.0765625 0.1
0 0.271875 0.2640625 0.0796875 0.08125
0 0.32734375 0.109375 0.03125 0.0421875
0 0.36640625 0.28984375 0.0515625 0.0640625
0 0.25625 0.371875 0.0484375 0.05625
0 0.56171875 0.80546875 0.04375 0.0703125
0 0.4953125 0.80546875 0.0640625 0.1171875
0 0.58125 0.59765625 0.034375 0.0875
0 0.534375 0.87421875 0.0296875 0.0421875
0 0.609375 0.8890625 0.0484375 0.08125
0 0.4859375 0.66953125 0.0375 0.046875
0 0.46953125 0.52421875 0.0390625 0.0921875
0 0.52578125 0.384375 0.040625 0.05625
0 0.73671875 0.2359375 0.059375 0.1421875
0 0.9265625 0.1453125 0.0890625 0.13125
0 0.565625 0.2484375 0.028125 0.0671875