0 0.4921875 0.16640625 0.103125 0.075
0 0.66171875 0.11328125 0.075 0.05625
0 0.33828125 0.12734375 0.053125 0.0390625
0 0.31171875 0.2328125 0.053125 0.04375
0 0.43984375 0.63671875 0.03125 0.0359375
0 0.28828125 0.628125 0.0390625 0.046875
0 0.3546875 0.77109375 0.053125 0.0578125
0 0.70546875 0.77265625 0.0203125 0.028125
0 0.75234375 0.6921875 0.1171875 0.0546875
0 0.659375 0.18515625 0.05 0.034375
0 0.57578125 0.31015625 0.040625 0.040625
0 0.4828125 0.89453125 0.075 0.04375
0 0.66015625 0.878125 0.034375 0.0390625