0 0.5609375 0.28359375 0.353125 0.2671875
0 0.765625 0.32421875 0.09375 0.08125
0 0.2796875 0.26171875 0.196875 0.2140625
0 0.4234375 0.459375 0.05625 0.053125
0 0.79296875 0.6890625 0.228125 0.1625
0 0.75546875 0.87109375 0.046875 0.0578125
0 0.30625 0.69375 0.2171875 0.190625
0 0.56171875 0.51015625 0.175 0.184375
0 0.571875 0.66640625 0.1609375 0.0671875
0 0.43984375 0.91328125 0.15625 0.0953125
0 0.3203125 0.84375 0.0796875 0.053125
0 0.64765625 0.9375 0.15625 0.065625
0 0.69453125 0.87734375 0.0703125 0.0578125
0 0.21875 0.4359375 0.1671875 0.0515625