0 0.32734375 0.08203125 0.05625 0.0984375
0 0.4125 0.30859375 0.0703125 0.1015625
0 0.51015625 0.3640625 0.0375 0.065625
0 0.79921875 0.284375 0.121875 0.1765625
0 0.54453125 0.090625 0.0953125 0.1640625
0 0.45546875 0.18828125 0.0375 0.06875
0 0.446875 0.775 0.0453125 0.084375
0 0.4 0.4796875 0.053125 0.0703125
0 0.50625 0.4953125 0.0546875 0.1328125
0 0.628125 0.52890625 0.0484375 0.096875
0 0.3015625 0.2171875 0.0859375 0.0890625
0 0.28984375 0.61953125 0.1015625 0.1015625
0 0.3984375 0.08046875 0.0390625 0.0703125
0 0.66171875 0.10234375 0.0234375 0.0484375
0 0.64453125 0.2046875 0.0390625 0.05625