0 0.36640625 0.5234375 0.05 0.0625
0 0.2265625 0.4390625 0.0359375 0.0484375
0 0.32734375 0.38359375 0.0421875 0.0453125
0 0.5046875 0.471875 0.0375 0.040625
0 0.77734375 0.50078125 0.0328125 0.05
0 0.65859375 0.5109375 0.0421875 0.034375
0 0.24296875 0.68046875 0.053125 0.04375
0 0.28046875 0.77734375 0.04375 0.0421875
0 0.7078125 0.0359375 0.071875 0.071875
0 0.52578125 0.090625 0.0328125 0.0453125
0 0.60234375 0.078125 0.0359375 0.05625
0 0.17109375 0.4984375 0.0140625 0.0265625
0 0.16484375 0.578125 0.0234375 0.0296875
0 0.23125 0.50625 0.015625 0.028125
0 0.25703125 0.48671875 0.0640625 0.05
0 0.43046875 0.41875 0.040625 0.05