0 0.41328125 0.565625 0.0421875 0.0390625
0 0.56015625 0.41796875 0.0765625 0.0953125
0 0.490625 0.4265625 0.0234375 0.08125
0 0.42265625 0.4625 0.0875 0.0265625
0 0.55859375 0.48203125 0.03125 0.0265625
0 0.48671875 0.5671875 0.0234375 0.0390625
0 0.34375 0.17265625 0.0234375 0.0234375
0 0.31484375 0.22890625 0.0265625 0.0359375
0 0.22421875 0.4390625 0.0421875 0.03125
0 0.27109375 0.47109375 0.04375 0.034375
0 0.240625 0.50546875 0.0328125 0.03125
0 0.3765625 0.6296875 0.04375 0.0359375
0 0.3 0.6828125 0.046875 0.0203125
0 0.4375 0.94453125 0.04375 0.0359375