0 0.63828125 0.58515625 0.05 0.03125
0 0.63671875 0.48671875 0.0296875 0.046875
0 0.6890625 0.4734375 0.0734375 0.0984375
0 0.68125 0.58359375 0.0328125 0.04375
0 0.396875 0.47421875 0.0390625 0.0390625
0 0.4984375 0.50390625 0.0640625 0.0421875
0 0.4921875 0.40234375 0.0421875 0.0296875
0 0.2859375 0.390625 0.0640625 0.0515625
0 0.52734375 0.1890625 0.0359375 0.05625
0 0.3234375 0.584375 0.06875 0.0421875
0 0.4921875 0.7625 0.0421875 0.028125
0 0.46328125 0.9765625 0.0421875 0.046875
0 0.33984375 0.6921875 0.0375 0.028125
0 0.5375 0.61640625 0.04375 0.03125