0 0.5703125 0.5890625 0.2421875 0.1453125
0 0.30859375 0.234375 0.1140625 0.05
0 0.45078125 0.33828125 0.19375 0.1109375
0 0.72890625 0.5609375 0.078125 0.059375
0 0.38046875 0.646875 0.13125 0.1
0 0.31875 0.7328125 0.1140625 0.065625
0 0.0765625 0.675 0.075 0.0265625
0 0.43125 0.8390625 0.0921875 0.0515625
0 0.671875 0.8390625 0.1859375 0.05625
0 0.81015625 0.69609375 0.20625 0.121875
0 0.9734375 0.7046875 0.053125 0.040625
0 0.721875 0.45859375 0.065625 0.034375
0 0.15546875 0.22578125 0.0828125 0.040625
0 0.040625 0.22890625 0.06875 0.05
0 0.59765625 0.46796875 0.1765625 0.071875
0 0.22578125 0.66328125 0.0890625 0.0625
0 0.26328125 0.8765625 0.134375 0.0296875