0 0.4578125 0.6140625 0.134375 0.090625
0 0.69296875 0.234375 0.078125 0.046875
0 0.8515625 0.2296875 0.0828125 0.0390625
0 0.96875 0.23046875 0.0625 0.0390625
0 0.52109375 0.296875 0.05 0.0390625
0 0.646875 0.31640625 0.05 0.0640625
0 0.534375 0.3671875 0.0921875 0.040625
0 0.290625 0.55078125 0.065625 0.0625
0 0.55703125 0.5375 0.1375 0.0703125
0 0.44296875 0.43828125 0.0921875 0.071875
0 0.58828125 0.6359375 0.134375 0.1203125
0 0.7078125 0.72421875 0.090625 0.0765625
0 0.5640625 0.83828125 0.1109375 0.0484375
0 0.2140625 0.68828125 0.2515625 0.1453125
0 0.02421875 0.7046875 0.0390625 0.05
0 0.34296875 0.853125 0.1640625 0.065625
0 0.76171875 0.66640625 0.05625 0.0515625
0 0.91796875 0.67421875 0.1078125 0.0328125
0 0.72734375 0.840625 0.1296875 0.090625
0 0.396875 0.525 0.121875 0.084375