0 0.4875 0.29375 0.1015625 0.159375
0 0.24375 0.2125 0.0609375 0.0734375
0 0.4390625 0.434375 0.1328125 0.2375
0 0.321875 0.5171875 0.078125 0.09375
0 0.2453125 0.659375 0.109375 0.165625
0 0.4515625 0.6484375 0.1484375 0.1828125
0 0.6328125 0.56328125 0.234375 0.375
0 0.7265625 0.2265625 0.1125 0.303125
0 0.87421875 0.3328125 0.05 0.0296875
0 0.67578125 0.8546875 0.140625 0.2046875
0 0.11484375 0.965625 0.0484375 0.06875
0 0.3296875 0.73671875 0.075 0.1140625
0 0.49453125 0.87421875 0.0796875 0.184375
0 0.33359375 0.9640625 0.0609375 0.071875
0 0.22578125 0.79375 0.06875 0.06875
0 0.14375 0.728125 0.0609375 0.125
0 0.61015625 0.3265625 0.090625 0.0734375
0 0.82734375 0.49609375 0.1640625 0.1953125
0 0.8203125 0.70390625 0.0640625 0.0703125
0 0.8375 0.9046875 0.05 0.103125
0 0.9484375 0.74609375 0.053125 0.0640625
0 0.26015625 0.9125 0.0859375 0.1296875
0 0.45390625 0.97421875 0.0578125 0.0515625