0 0.43046875 0.2328125 0.059375 0.0578125
0 0.70703125 0.63828125 0.08125 0.1578125
0 0.29921875 0.5578125 0.1515625 0.0796875
0 0.27421875 0.703125 0.065625 0.0609375
0 0.30078125 0.18359375 0.053125 0.040625
0 0.6390625 0.22890625 0.1140625 0.1078125
0 0.528125 0.2859375 0.0390625 0.0375
0 0.50859375 0.2125 0.0359375 0.03125
0 0.4859375 0.55625 0.1359375 0.1109375
0 0.41640625 0.93125 0.0609375 0.040625
0 0.3796875 0.85625 0.034375 0.0453125
0 0.61953125 0.6625 0.0875 0.075
0 0.721875 0.53046875 0.084375 0.034375
0 0.51875 0.659375 0.053125 0.0484375
0 0.40859375 0.6390625 0.0390625 0.0265625