0 0.3984375 0.60703125 0.0734375 0.0671875
0 0.28828125 0.57109375 0.0828125 0.059375
0 0.29765625 0.40078125 0.0828125 0.0359375
0 0.3703125 0.4953125 0.134375 0.0578125
0 0.6421875 0.53359375 0.178125 0.1140625
0 0.5203125 0.33046875 0.1984375 0.0796875
0 0.84375 0.3953125 0.1515625 0.1046875
0 0.7953125 0.53046875 0.1015625 0.1375
0 0.3890625 0.42109375 0.0875 0.059375
0 0.69375 0.30546875 0.1421875 0.096875
0 0.64140625 0.40390625 0.1140625 0.0359375
0 0.85703125 0.63046875 0.125 0.0984375
0 0.98046875 0.6921875 0.0390625 0.0671875
0 0.16328125 0.55234375 0.075 0.0671875
0 0.5078125 0.57578125 0.0921875 0.071875