0 0.58359375 0.3453125 0.1046875 0.0953125
0 0.41953125 0.346875 0.0453125 0.04375
0 0.68984375 0.31875 0.065625 0.05625
0 0.93125 0.41328125 0.040625 0.0546875
0 0.7421875 0.515625 0.0453125 0.0484375
0 0.6640625 0.63125 0.046875 0.09375
0 0.55859375 0.57421875 0.1125 0.0546875
0 0.5484375 0.50078125 0.0875 0.04375
0 0.49296875 0.7265625 0.0734375 0.0796875
0 0.375 0.8203125 0.15625 0.1125
0 0.23125 0.48828125 0.040625 0.0546875
0 0.56015625 0.228125 0.0421875 0.059375
0 0.8484375 0.496875 0.0328125 0.05