0 0.30546875 0.4703125 0.2109375 0.371875
0 0.0796875 0.3796875 0.128125 0.2953125
0 0.06015625 0.11484375 0.1203125 0.1640625
0 0.53125 0.22421875 0.10625 0.1484375
0 0.79453125 0.3359375 0.3171875 0.240625
0 0.47421875 0.4125 0.1015625 0.153125
0 0.60390625 0.5625 0.15 0.2578125
0 0.48203125 0.5984375 0.134375 0.2078125
0 0.38515625 0.7703125 0.13125 0.240625
0 0.13125 0.77890625 0.0515625 0.059375
0 0.6875 0.9484375 0.084375 0.0984375
0 0.83984375 0.51640625 0.0734375 0.1203125
0 0.86328125 0.7953125 0.1453125 0.115625
0 0.79609375 0.0625 0.0984375 0.0984375
0 0.93125 0.60390625 0.040625 0.0984375
0 0.5671875 0.74609375 0.0328125 0.065625
0 0.74921875 0.540625 0.028125 0.0546875
0 0.74375 0.87421875 0.0328125 0.0765625