0 0.2578125 0.4 0.0453125 0.0625
0 0.6625 0.74453125 0.10625 0.084375
0 0.3578125 0.5890625 0.103125 0.178125
0 0.53359375 0.115625 0.221875 0.2
0 0.33359375 0.2109375 0.053125 0.084375
0 0.5265625 0.32890625 0.09375 0.1546875
0 0.84453125 0.9265625 0.0984375 0.071875
0 0.91796875 0.6890625 0.0796875 0.09375
0 0.77578125 0.69296875 0.04375 0.053125
0 0.621875 0.84921875 0.05 0.053125
0 0.97734375 0.3328125 0.0453125 0.084375
0 0.68671875 0.1375 0.053125 0.096875
0 0.521875 0.65078125 0.1421875 0.1828125
0 0.32890625 0.86875 0.0765625 0.071875
0 0.19140625 0.56015625 0.103125 0.1296875