0 0.33203125 0.36328125 0.209375 0.4171875
0 0.5078125 0.31171875 0.178125 0.165625
0 0.65859375 0.39453125 0.0578125 0.109375
0 0.36875 0.81953125 0.0625 0.1296875
0 0.43828125 0.6984375 0.14375 0.23125
0 0.30078125 0.7625 0.096875 0.1296875
0 0.58125 0.86875 0.096875 0.2265625
0 0.44375 0.9171875 0.05 0.0828125
0 0.55234375 0.69296875 0.065625 0.09375
0 0.84140625 0.20625 0.065625 0.1296875
0 0.4 0.09296875 0.0546875 0.0875
0 0.61796875 0.1546875 0.0546875 0.0671875
0 0.51953125 0.484375 0.1671875 0.1609375
0 0.12578125 0.5 0.0375 0.0828125
0 0.21796875 0.63671875 0.0625 0.0828125
0 0.140625 0.265625 0.0546875 0.1296875
0 0.79375 0.10859375 0.028125 0.0359375