0 0.39296875 0.3265625 0.0765625 0.103125
0 0.628125 0.27734375 0.0953125 0.1140625
0 0.82421875 0.1421875 0.11875 0.109375
0 0.85234375 0.0359375 0.0953125 0.071875
0 0.809375 0.3109375 0.103125 0.0625
0 0.775 0.41953125 0.134375 0.109375
0 0.46015625 0.54140625 0.0578125 0.0578125
0 0.6390625 0.54375 0.0578125 0.0625
0 0.6375 0.63203125 0.0609375 0.0578125
0 0.4984375 0.86796875 0.0765625 0.1140625
0 0.7328125 0.27734375 0.05 0.09375
0 0.53984375 0.378125 0.084375 0.0625
0 0.68515625 0.11171875 0.0609375 0.0578125