0 0.5234375 0.45859375 0.0671875 0.109375
0 0.359375 0.5875 0.0484375 0.078125
0 0.35625 0.6890625 0.0390625 0.065625
0 0.2796875 0.57890625 0.059375 0.0703125
0 0.6109375 0.14296875 0.0578125 0.0640625
0 0.5625 0.21328125 0.0390625 0.065625
0 0.721875 0.1515625 0.0703125 0.0875
0 0.72265625 0.28359375 0.0328125 0.0484375
0 0.746875 0.22734375 0.059375 0.0546875
0 0.8546875 0.31796875 0.0734375 0.1125
0 0.7578125 0.41875 0.1015625 0.1625
0 0.6734375 0.596875 0.0765625 0.1296875
0 0.809375 0.596875 0.184375 0.1640625
0 0.59453125 0.52890625 0.0390625 0.0640625
0 0.5640625 0.6984375 0.15 0.121875
0 0.6140625 0.05625 0.0390625 0.0375