0 0.4671875 0.4546875 0.046875 0.0734375
0 0.2734375 0.21015625 0.084375 0.203125
0 0.39921875 0.1359375 0.0546875 0.0640625
0 0.15546875 0.31171875 0.0640625 0.0859375
0 0.2421875 0.44609375 0.05625 0.0640625
0 0.1625 0.58671875 0.1328125 0.1125
0 0.35625 0.6125 0.225 0.246875
0 0.2 0.67421875 0.053125 0.046875
0 0.65234375 0.63359375 0.0828125 0.2109375
0 0.7375 0.55546875 0.034375 0.0625
0 0.4828125 0.75625 0.053125 0.0546875
0 0.69609375 0.79375 0.05 0.0921875
0 0.746875 0.78359375 0.0234375 0.04375
0 0.4265625 0.20625 0.028125 0.05625
0 0.3390625 0.3859375 0.0390625 0.0515625
0 0.215625 0.371875 0.0203125 0.05