0 0.44453125 0.34921875 0.1703125 0.2125
0 0.18984375 0.2421875 0.1421875 0.10625
0 0.225 0.06796875 0.0484375 0.0421875
0 0.353125 0.1578125 0.0953125 0.175
0 0.29296875 0.375 0.109375 0.15625
0 0.503125 0.59296875 0.159375 0.16875
0 0.7078125 0.72421875 0.0984375 0.1109375
0 0.69375 0.1984375 0.303125 0.24375
0 0.64140625 0.428125 0.08125 0.11875
0 0.7828125 0.47890625 0.0671875 0.1796875
0 0.66484375 0.58984375 0.0953125 0.1140625
0 0.54765625 0.7703125 0.0671875 0.1640625
0 0.3453125 0.71484375 0.040625 0.078125
0 0.8609375 0.87265625 0.0484375 0.071875
0 0.865625 0.72890625 0.0390625 0.0828125
0 0.725 0.8875 0.121875 0.08125
0 0.78515625 0.65234375 0.05625 0.0640625
0 0.9296875 0.425 0.121875 0.0859375
0 0.978125 0.11640625 0.04375 0.1328125