0 0.66484375 0.42421875 0.2921875 0.2703125
0 0.7 0.8328125 0.140625 0.334375
0 0.58671875 0.61484375 0.0875 0.146875
0 0.70234375 0.6171875 0.128125 0.1
0 0.70703125 0.2421875 0.05625 0.146875
0 0.13359375 0.390625 0.1671875 0.2703125
0 0.10234375 0.17265625 0.2046875 0.1984375
0 0.26953125 0.2640625 0.078125 0.071875
0 0.26171875 0.515625 0.128125 0.3453125
0 0.09765625 0.74765625 0.19375 0.4328125
0 0.37578125 0.76796875 0.0421875 0.071875
0 0.24453125 0.74765625 0.065625 0.0953125
0 0.28125 0.96015625 0.025 0.0796875
0 0.30078125 0.15703125 0.0546875 0.0765625
0 0.309375 0.03359375 0.084375 0.0640625
0 0.434375 0.265625 0.06875 0.0796875
0 0.59140625 0.9046875 0.040625 0.1