0 0.37890625 0.37265625 0.23125 0.3453125
0 0.209375 0.3828125 0.103125 0.1671875
0 0.27109375 0.70078125 0.109375 0.309375
0 0.89453125 0.32734375 0.096875 0.2828125
0 0.73671875 0.4640625 0.1125 0.35
0 0.87265625 0.71015625 0.15 0.36875
0 0.621875 0.76015625 0.046875 0.0875
0 0.71640625 0.15703125 0.134375 0.2625
0 0.853125 0.10703125 0.1046875 0.1390625
0 0.81484375 0.24375 0.04375 0.1078125
0 0.87109375 0.94453125 0.1 0.0796875
0 0.75390625 0.7734375 0.0734375 0.1515625
0 0.73984375 0.96171875 0.1203125 0.0765625
0 0.3125 0.9421875 0.146875 0.115625
0 0.37734375 0.62890625 0.1046875 0.1625
0 0.55625 0.28203125 0.0515625 0.0625
0 0.34921875 0.7859375 0.0328125 0.0671875