0 0.3640625 0.30234375 0.0796875 0.0859375
0 0.24296875 0.30078125 0.1078125 0.1078125
0 0.115625 0.29140625 0.1265625 0.13125
0 0.09296875 0.39296875 0.1859375 0.0640625
0 0.03203125 0.25546875 0.0625 0.1109375
0 0.253125 0.07578125 0.121875 0.059375
0 0.365625 0.46953125 0.19375 0.1015625
0 0.52890625 0.1453125 0.1375 0.071875
0 0.53203125 0.3796875 0.1734375 0.1734375
0 0.93671875 0.309375 0.1265625 0.0796875
0 0.884375 0.19921875 0.134375 0.1234375
0 0.56953125 0.08203125 0.0765625 0.0640625
0 0.7578125 0.2609375 0.09375 0.0609375
0 0.11953125 0.475 0.1453125 0.0984375
0 0.2359375 0.57265625 0.06875 0.05
0 0.11953125 0.5609375 0.0453125 0.0296875
0 0.1328125 0.65390625 0.0515625 0.0515625
0 0.49765625 0.58359375 0.046875 0.0484375
0 0.565625 0.57265625 0.0359375 0.05
0 0.45 0.878125 0.3875 0.203125
0 0.253125 0.72265625 0.0734375 0.096875
0 0.215625 0.859375 0.059375 0.059375