0 0.54296875 0.06875 0.1265625 0.1171875
0 0.45 0.1203125 0.0703125 0.078125
0 0.65859375 0.1265625 0.0609375 0.096875
0 0.7671875 0.1484375 0.0484375 0.1421875
0 0.72890625 0.04609375 0.0484375 0.065625
0 0.5390625 0.1484375 0.053125 0.0421875
0 0.72109375 0.61796875 0.134375 0.2125
0 0.41015625 0.50703125 0.2296875 0.20625
0 0.4671875 0.8859375 0.05625 0.109375
0 0.3609375 0.70546875 0.121875 0.18125
0 0.57578125 0.49375 0.021875 0.05
0 0.62109375 0.24453125 0.0828125 0.1484375
0 0.53828125 0.94453125 0.0578125 0.0921875
0 0.615625 0.884375 0.04375 0.0703125
0 0.6859375 0.79921875 0.0359375 0.096875
0 0.57578125 0.71328125 0.0953125 0.103125