0 0.23046875 0.32421875 0.1125 0.15625
0 0.43515625 0.60234375 0.2453125 0.3
0 0.39140625 0.3921875 0.1625 0.1109375
0 0.271875 0.5171875 0.0875 0.1984375
0 0.19765625 0.6453125 0.075 0.1984375
0 0.27578125 0.66640625 0.08125 0.109375
0 0.3765625 0.79765625 0.2078125 0.2
0 0.24453125 0.796875 0.059375 0.11875
0 0.4046875 0.95078125 0.1921875 0.0953125
0 0.18671875 0.48515625 0.075 0.1265625
0 0.3484375 0.07890625 0.084375 0.09375
0 0.26015625 0.20234375 0.1015625 0.0890625
0 0.3265625 0.14296875 0.1609375 0.0515625
0 0.5453125 0.08984375 0.2796875 0.128125
0 0.6421875 0.21484375 0.078125 0.1359375
0 0.515625 0.18046875 0.0453125 0.0359375
0 0.459375 0.171875 0.034375 0.05
0 0.57890625 0.5359375 0.1109375 0.1484375
0 0.65078125 0.42421875 0.021875 0.0671875
0 0.65703125 0.5578125 0.01875 0.065625
0 0.50625 0.7875 0.0265625 0.0515625
0 0.153125 0.62890625 0.0125 0.05625