0 0.1390625 0.1203125 0.0625 0.090625
0 0.18671875 0.046875 0.059375 0.09375
0 0.3109375 0.26875 0.1109375 0.1421875
0 0.278125 0.096875 0.0578125 0.0734375
0 0.14296875 0.3796875 0.04375 0.09375
0 0.42109375 0.37421875 0.0421875 0.06875
0 0.55 0.47421875 0.0671875 0.065625
0 0.4640625 0.72578125 0.1109375 0.103125
0 0.23828125 0.7203125 0.0421875 0.0734375
0 0.3765625 0.6671875 0.0546875 0.0828125
0 0.265625 0.5796875 0.11875 0.1859375
0 0.74609375 0.66875 0.1296875 0.1796875
0 0.759375 0.77734375 0.046875 0.0625
0 0.89453125 0.52578125 0.0671875 0.10625
0 0.90859375 0.4359375 0.0671875 0.06875
0 0.778125 0.3703125 0.0859375 0.0625
0 0.89453125 0.084375 0.0796875 0.0546875
0 0.946875 0.2171875 0.0671875 0.090625
0 0.91015625 0.3203125 0.134375 0.1109375
0 0.9625 0.44453125 0.0390625 0.1109375
0 0.5578125 0.63125 0.0421875 0.0390625
0 0.675 0.4640625 0.0828125 0.0796875
0 0.52421875 0.3828125 0.115625 0.103125
0 0.08671875 0.2703125 0.0359375 0.103125