0 0.22109375 0.1390625 0.05625 0.0390625
0 0.46640625 0.13125 0.0390625 0.0375
0 0.33828125 0.0953125 0.0265625 0.0390625
0 0.39765625 0.0609375 0.0125 0.04375
0 0.5375 0.3359375 0.04375 0.04375
0 0.63359375 0.434375 0.0671875 0.1734375
0 0.5859375 0.30859375 0.0359375 0.0421875
0 0.32578125 0.54453125 0.0375 0.0375
0 0.4828125 0.5671875 0.04375 0.0671875
0 0.5984375 0.5625 0.0671875 0.0625
0 0.59140625 0.68515625 0.0546875 0.0578125
0 0.54765625 0.8421875 0.109375 0.1171875
0 0.3875 0.74609375 0.03125 0.0390625
0 0.459375 0.6921875 0.0328125 0.03125
0 0.4609375 0.9125 0.05 0.04375
0 0.5765625 0.19140625 0.0375 0.046875
0 0.10625 0.3203125 0.0546875 0.0390625