0 0.671875 0.22578125 0.08125 0.0875
0 0.0453125 0.365625 0.04375 0.0953125
0 0.33671875 0.27578125 0.078125 0.078125
0 0.91796875 0.52109375 0.1375 0.0953125
0 0.8578125 0.17265625 0.1 0.0671875
0 0.76953125 0.06484375 0.0890625 0.0875
0 0.91953125 0.03515625 0.0765625 0.0703125
0 0.7921875 0.81640625 0.1125 0.078125
0 0.92421875 0.65703125 0.115625 0.0671875
0 0.59921875 0.78125 0.0484375 0.0828125
0 0.334375 0.421875 0.04375 0.071875
0 0.06328125 0.9546875 0.1140625 0.090625
0 0.34296875 0.94296875 0.1265625 0.109375