0 0.321875 0.5046875 0.046875 0.0734375
0 0.17265625 0.309375 0.1296875 0.1609375
0 0.0625 0.1890625 0.059375 0.0734375
0 0.03203125 0.03359375 0.059375 0.0609375
0 0.14453125 0.12109375 0.1140625 0.0796875
0 0.190625 0.57109375 0.0609375 0.10625
0 0.82578125 0.2546875 0.046875 0.0671875
0 0.90859375 0.42734375 0.078125 0.384375
0 0.78515625 0.6390625 0.1546875 0.203125
0 0.43359375 0.65 0.0953125 0.09375
0 0.59296875 0.6015625 0.053125 0.090625
0 0.70859375 0.8 0.1421875 0.10625
0 0.37109375 0.83046875 0.1125 0.10625
0 0.2078125 0.70625 0.053125 0.0734375
0 0.33515625 0.7015625 0.1171875 0.125
0 0.26875 0.5390625 0.0421875 0.090625
0 0.13046875 0.58359375 0.0390625 0.0734375
0 0.1203125 0.38046875 0.0953125 0.1546875
0 0.834375 0.43046875 0.0578125 0.1671875
0 0.96953125 0.17109375 0.0578125 0.090625
0 0.7359375 0.22109375 0.0640625 0.121875
0 0.56953125 0.72890625 0.09375 0.0671875