0 0.16953125 0.38984375 0.0984375 0.2109375
0 0.8265625 0.13359375 0.0625 0.0765625
0 0.3390625 0.55859375 0.0984375 0.1234375
0 0.31328125 0.73359375 0.1984375 0.2296875
0 0.67890625 0.375 0.071875 0.128125
0 0.68828125 0.5859375 0.04375 0.1234375
0 0.52890625 0.5171875 0.2703125 0.1921875
0 0.33515625 0.40390625 0.1328125 0.0796875
0 0.6703125 0.73984375 0.1484375 0.203125
0 0.24140625 0.55859375 0.0984375 0.1171875
0 0.09453125 0.12890625 0.103125 0.1109375
0 0.7609375 0.5484375 0.0953125 0.165625
0 0.790625 0.3609375 0.0859375 0.078125
0 0.90234375 0.3875 0.0765625 0.109375
0 0.79296875 0.2578125 0.04375 0.065625
0 0.85078125 0.4671875 0.0765625 0.125
0 0.509375 0.725 0.1734375 0.2359375
0 0.13515625 0.55625 0.1328125 0.3125