0 0.47890625 0.40078125 0.090625 0.121875
0 0.28203125 0.69375 0.065625 0.0796875
0 0.2921875 0.47265625 0.1359375 0.1875
0 0.459375 0.49609375 0.0703125 0.0734375
0 0.43828125 0.7265625 0.0984375 0.065625
0 0.45234375 0.60859375 0.08125 0.075
0 0.58984375 0.2828125 0.128125 0.0890625
0 0.59921875 0.40078125 0.0609375 0.0484375
0 0.865625 0.25859375 0.05625 0.06875
0 0.81015625 0.09921875 0.040625 0.04375
0 0.7390625 0.2953125 0.1046875 0.1171875
0 0.75546875 0.68828125 0.05625 0.0859375
0 0.66171875 0.69765625 0.0765625 0.0578125
0 0.315625 0.81015625 0.078125 0.0671875