0 0.3859375 0.06015625 0.0625 0.0984375
0 0.5078125 0.1796875 0.071875 0.0875
0 0.33828125 0.4703125 0.1046875 0.11875
0 0.40703125 0.36953125 0.0859375 0.0703125
0 0.125 0.4140625 0.103125 0.0765625
0 0.1453125 0.52265625 0.109375 0.0640625
0 0.25625 0.440625 0.084375 0.0734375
0 0.59921875 0.384375 0.0828125 0.0546875
0 0.4375 0.53359375 0.1078125 0.103125
0 0.24921875 0.80859375 0.078125 0.0828125
0 0.490625 0.69765625 0.0953125 0.0578125
0 0.30703125 0.28984375 0.109375 0.1
0 0.1296875 0.321875 0.06875 0.05
0 0.43125 0.1671875 0.053125 0.040625