0 0.59375 0.30625 0.0859375 0.1203125
0 0.66171875 0.0640625 0.046875 0.0828125
0 0.68203125 0.23828125 0.04375 0.0625
0 0.559375 0.76171875 0.028125 0.0796875
0 0.49375 0.38203125 0.0234375 0.0921875
0 0.4625 0.08046875 0.0859375 0.109375
0 0.21953125 0.28515625 0.1 0.11875
0 0.15234375 0.34921875 0.0421875 0.1203125
0 0.50625 0.5 0.04375 0.078125
0 0.60546875 0.48671875 0.0421875 0.084375
0 0.76484375 0.69609375 0.0296875 0.0703125
0 0.71640625 0.584375 0.0296875 0.05625
0 0.60390625 0.1046875 0.046875 0.109375