0 0.5640625 0.203125 0.065625 0.059375
0 0.5 0.12890625 0.0328125 0.075
0 0.55625 0.09765625 0.0421875 0.0546875
0 0.209375 0.1640625 0.1265625 0.065625
0 0.21953125 0.271875 0.0359375 0.05
0 0.303125 0.26953125 0.0359375 0.059375
0 0.271875 0.365625 0.103125 0.0671875
0 0.421875 0.5390625 0.0953125 0.1359375
0 0.5515625 0.45078125 0.0328125 0.0359375
0 0.50546875 0.246875 0.0484375 0.078125
0 0.35234375 0.1015625 0.0375 0.046875
0 0.59140625 0.27734375 0.0328125 0.0578125
0 0.6171875 0.4875 0.0484375 0.1234375
0 0.5171875 0.6015625 0.0671875 0.1484375
0 0.33125 0.52578125 0.0703125 0.140625
0 0.396875 0.671875 0.0546875 0.0890625
0 0.61640625 0.853125 0.1953125 0.1828125
0 0.61171875 0.69296875 0.1359375 0.1546875
0 0.765625 0.87109375 0.0703125 0.090625
0 0.771875 0.44765625 0.0578125 0.0578125
0 0.78671875 0.29453125 0.0390625 0.0515625
0 0.80390625 0.11484375 0.0484375 0.0640625
0 0.7484375 0.16015625 0.0609375 0.084375