0 0.66875 0.3890625 0.090625 0.1203125
0 0.19453125 0.41328125 0.15 0.296875
0 0.5015625 0.13125 0.0734375 0.084375
0 0.3328125 0.5 0.1546875 0.1125
0 0.521875 0.509375 0.2140625 0.109375
0 0.6640625 0.48515625 0.0703125 0.071875
0 0.52890625 0.6203125 0.0828125 0.0625
0 0.0265625 0.52421875 0.046875 0.0703125
0 0.21328125 0.6140625 0.0453125 0.059375
0 0.44296875 0.60625 0.040625 0.0359375
0 0.721875 0.584375 0.0703125 0.078125
0 0.62890625 0.59609375 0.090625 0.1015625
0 0.55390625 0.3140625 0.0359375 0.0375
0 0.76875 0.503125 0.10625 0.1296875