0 0.41015625 0.49765625 0.1578125 0.1171875
0 0.6 0.265625 0.10625 0.078125
0 0.25078125 0.16953125 0.125 0.19375
0 0.14296875 0.27421875 0.0390625 0.0546875
0 0.084375 0.03984375 0.065625 0.0546875
0 0.49296875 0.11015625 0.2359375 0.1625
0 0.73671875 0.09609375 0.090625 0.1171875
0 0.8515625 0.096875 0.1015625 0.0859375
0 0.721875 0.30859375 0.0609375 0.0921875
0 0.80546875 0.36484375 0.0515625 0.0640625
0 0.42734375 0.38984375 0.0453125 0.059375
0 0.52734375 0.32109375 0.0546875 0.0625
0 0.66015625 0.48359375 0.1765625 0.265625
0 0.54453125 0.640625 0.2171875 0.24375
0 0.78515625 0.66171875 0.0625 0.05
0 0.76640625 0.43984375 0.025 0.0921875
0 0.6484375 0.91484375 0.1390625 0.1296875
0 0.5390625 0.90859375 0.078125 0.090625
0 0.80625 0.87734375 0.1421875 0.153125
0 0.85859375 0.771875 0.0515625 0.05625
0 0.41484375 0.25546875 0.1046875 0.0984375