0 0.44296875 0.18828125 0.0828125 0.203125
0 0.56640625 0.096875 0.0671875 0.078125
0 0.55390625 0.30546875 0.0515625 0.0703125
0 0.79140625 0.115625 0.0484375 0.08125
0 0.74609375 0.26953125 0.05 0.08125
0 0.88984375 0.26640625 0.0484375 0.08125
0 0.7921875 0.4 0.0546875 0.06875
0 0.86171875 0.6171875 0.046875 0.08125
0 0.89375 0.46796875 0.06875 0.0921875
0 0.4078125 0.53203125 0.1546875 0.1625
0 0.390625 0.80703125 0.05625 0.10625
0 0.66328125 0.8421875 0.121875 0.278125
0 0.78828125 0.93203125 0.1125 0.1328125
0 0.4203125 0.965625 0.103125 0.06875
0 0.53671875 0.7171875 0.1265625 0.1453125
0 0.559375 0.5796875 0.075 0.090625
0 0.7609375 0.58828125 0.0828125 0.090625
0 0.6875 0.39453125 0.0421875 0.06875
0 0.7796875 0.02890625 0.14375 0.0578125
0 0.2671875 0.88828125 0.071875 0.10625
0 0.2796875 0.67265625 0.2 0.171875
0 0.175 0.86953125 0.1078125 0.2515625
0 0.14453125 0.6640625 0.06875 0.15
0 0.54453125 0.89453125 0.0828125 0.1796875