0 0.25234375 0.57421875 0.0625 0.09375
0 0.28828125 0.70546875 0.10625 0.15625
0 0.3265625 0.6546875 0.09375 0.140625
0 0.38046875 0.33515625 0.1171875 0.090625
0 0.3015625 0.26875 0.1 0.0625
0 0.184375 0.18359375 0.1296875 0.084375
0 0.365625 0.5734375 0.08125 0.059375
0 0.0890625 0.47578125 0.05625 0.0328125
0 0.175 0.5828125 0.0453125 0.046875
0 0.20546875 0.63046875 0.0640625 0.040625
0 0.30625 0.815625 0.0390625 0.04375
0 0.228125 0.80625 0.0296875 0.040625
0 0.275 0.865625 0.053125 0.0359375
0 0.37421875 0.25625 0.046875 0.078125