0 0.29453125 0.11171875 0.190625 0.0953125
0 0.55546875 0.140625 0.109375 0.0703125
0 0.384375 0.2859375 0.44375 0.221875
0 0.06953125 0.2296875 0.1390625 0.1625
0 0.5375 0.58828125 0.9015625 0.321875
0 0.7203125 0.3921875 0.1734375 0.10625
0 0.10859375 0.81796875 0.159375 0.0828125
0 0.62578125 0.77734375 0.7109375 0.0484375
0 0.6265625 0.8640625 0.359375 0.1890625
0 0.31328125 0.953125 0.2703125 0.0828125
0 0.946875 0.05546875 0.0828125 0.1109375
0 0.675 0.10625 0.1328125 0.078125
0 0.89609375 0.26015625 0.1296875 0.0921875
0 0.971875 0.38046875 0.05625 0.0734375
0 0.05625 0.46328125 0.078125 0.0546875