0 0.4984375 0.3203125 0.0828125 0.0765625
0 0.0796875 0.69296875 0.1578125 0.1140625
0 0.0234375 0.8984375 0.046875 0.040625
0 0.53359375 0.71328125 0.0640625 0.0671875
0 0.33203125 0.7 0.0640625 0.0671875
0 0.46171875 0.8 0.0765625 0.0734375
0 0.56640625 0.8 0.1375 0.10625
0 0.46796875 0.94140625 0.1109375 0.084375
0 0.23359375 0.81796875 0.0796875 0.096875
0 0.06171875 0.81015625 0.103125 0.059375
0 0.3296875 0.83828125 0.046875 0.0703125
0 0.4046875 0.8453125 0.040625 0.0796875
0 0.2734375 0.91640625 0.0578125 0.0609375
0 0.35859375 0.3203125 0.140625 0.1203125
0 0.71015625 0.18984375 0.059375 0.1140625
0 0.85703125 0.06796875 0.1578125 0.0703125
0 0.97109375 0.04296875 0.0578125 0.0859375
0 0.03671875 0.19140625 0.0640625 0.1171875
0 0.11015625 0.31796875 0.0796875 0.1
0 0.1796875 0.16328125 0.1296875 0.103125
0 0.03515625 0.0484375 0.0578125 0.0671875
0 0.3484375 0.08359375 0.1171875 0.1265625
0 0.225 0.26015625 0.1171875 0.0640625
0 0.221875 0.4203125 0.040625 0.0640625
0 0.121875 0.6234375 0.0578125 0.0640625
0 0.88359375 0.7296875 0.0578125 0.090625
0 0.8296875 0.81484375 0.09375 0.1171875
0 0.378125 0.428125 0.0734375 0.0671875