0 0.34921875 0.58515625 0.1109375 0.1875
0 0.28125 0.2828125 0.115625 0.2875
0 0.09765625 0.790625 0.0515625 0.0875
0 0.15546875 0.753125 0.0375 0.075
0 0.21328125 0.91484375 0.0671875 0.0984375
0 0.325 0.846875 0.06875 0.1375
0 0.47578125 0.8625 0.196875 0.1921875
0 0.5171875 0.62578125 0.1171875 0.1984375
0 0.565625 0.43984375 0.1734375 0.159375
0 0.39765625 0.25078125 0.13125 0.2734375
0 0.51015625 0.06953125 0.2640625 0.121875
0 0.72265625 0.153125 0.165625 0.30625
0 0.56171875 0.31328125 0.115625 0.1046875
0 0.7171875 0.37421875 0.1296875 0.153125
0 0.87265625 0.16484375 0.1359375 0.3296875
0 0.859375 0.45625 0.11875 0.20625
0 0.68515625 0.5140625 0.0625 0.121875
0 0.75 0.49921875 0.0546875 0.071875
0 0.76953125 0.6375 0.075 0.078125
0 0.91796875 0.9359375 0.0890625 0.128125
0 0.87734375 0.79609375 0.103125 0.1
0 0.89921875 0.64453125 0.0640625 0.1078125
0 0.61953125 0.78515625 0.1140625 0.1265625
0 0.646875 0.62109375 0.1171875 0.1609375
0 0.72421875 0.75 0.053125 0.0828125
0 0.80546875 0.83046875 0.04375 0.0875
0 0.70546875 0.86796875 0.0484375 0.071875
0 0.771875 0.896875 0.04375 0.109375
0 0.6296875 0.89921875 0.09375 0.109375
0 0.35078125 0.44921875 0.08125 0.06875