0 0.66484375 0.2453125 0.1921875 0.41875
0 0.59609375 0.5453125 0.3046875 0.4109375
0 0.2875 0.81328125 0.1265625 0.3375
0 0.340625 0.0921875 0.046875 0.18125
0 0.42890625 0.18671875 0.05625 0.0671875
0 0.5328125 0.20234375 0.08125 0.1890625
0 0.48046875 0.06953125 0.0953125 0.1390625
0 0.89765625 0.428125 0.0765625 0.140625
0 0.8109375 0.21640625 0.0375 0.1484375
0 0.8125 0.525 0.0484375 0.1
0 0.571875 0.87421875 0.134375 0.2109375
0 0.43515625 0.82421875 0.021875 0.0671875
0 0.4515625 0.628125 0.09375 0.121875
0 0.33671875 0.565625 0.0265625 0.1046875
0 0.865625 0.6578125 0.0734375 0.0953125
0 0.94375 0.9640625 0.046875 0.0671875
0 0.8046875 0.95234375 0.0421875 0.0953125
0 0.8328125 0.06953125 0.059375 0.0671875
0 0.96484375 0.1125 0.0390625 0.0671875
0 0.81953125 0.3875 0.0875 0.09375
0 0.91328125 0.21171875 0.04375 0.08125
0 0.3015625 0.04921875 0.046875 0.0984375