0 0.57421875 0.3890625 0.0796875 0.1046875
0 0.534375 0.25 0.046875 0.0640625
0 0.69453125 0.528125 0.06875 0.06875
0 0.49296875 0.56796875 0.3328125 0.259375
0 0.28984375 0.2265625 0.075 0.078125
0 0.75390625 0.19296875 0.0796875 0.09375
0 0.4 0.80625 0.28125 0.2171875
0 0.2 0.8234375 0.1125 0.2375
0 0.23125 0.51953125 0.1875 0.365625
0 0.434375 0.34765625 0.2109375 0.1828125
0 0.26640625 0.09609375 0.0734375 0.0859375
0 0.21015625 0.27578125 0.09375 0.115625
0 0.06484375 0.7515625 0.0453125 0.0546875
0 0.684375 0.715625 0.2390625 0.1375
0 0.440625 0.1265625 0.0375 0.0671875
0 0.8984375 0.95234375 0.065625 0.0953125
0 0.68984375 0.9515625 0.090625 0.0953125
0 0.7484375 0.45859375 0.0640625 0.0640625
0 0.87421875 0.49296875 0.053125 0.090625
0 0.42109375 0.98125 0.0578125 0.0375
0 0.54609375 0.971875 0.046875 0.04375
0 0.6078125 0.834375 0.078125 0.1171875
0 0.29453125 0.9609375 0.0828125 0.06875