0 0.5625 0.209375 0.05 0.0875
0 0.68828125 0.6734375 0.0765625 0.084375
0 0.86796875 0.7328125 0.0875 0.1171875
0 0.70546875 0.8453125 0.0515625 0.0875
0 0.8234375 0.878125 0.078125 0.0859375
0 0.934375 0.82265625 0.040625 0.0859375
0 0.9625 0.68359375 0.071875 0.153125
0 0.3625 0.5046875 0.0640625 0.0828125
0 0.3234375 0.17421875 0.0859375 0.1359375
0 0.5046875 0.15390625 0.05625 0.090625
0 0.44453125 0.17890625 0.040625 0.0671875
0 0.60390625 0.396875 0.078125 0.2359375
0 0.4828125 0.503125 0.1671875 0.1609375
0 0.68671875 0.2265625 0.0484375 0.06875
0 0.6578125 0.0375 0.04375 0.0671875
0 0.7859375 0.253125 0.0328125 0.084375
0 0.7625 0.5390625 0.140625 0.20625
0 0.596875 0.56953125 0.0625 0.1296875
0 0.61796875 0.76171875 0.0953125 0.125
0 0.7484375 0.75390625 0.1171875 0.1046875
0 0.8578125 0.55234375 0.021875 0.0671875