0 0.775 0.68359375 0.053125 0.115625
0 0.76171875 0.55546875 0.05 0.0984375
0 0.8140625 0.40390625 0.05 0.05625
0 0.61171875 0.24765625 0.04375 0.05625
0 0.7234375 0.321875 0.028125 0.0640625
0 0.69453125 0.4640625 0.059375 0.0984375
0 0.68359375 0.59140625 0.071875 0.0515625
0 0.70625 0.85390625 0.153125 0.2421875
0 0.4203125 0.70625 0.0671875 0.115625
0 0.4890625 0.4734375 0.0703125 0.0875
0 0.38984375 0.19140625 0.0890625 0.1
0 0.55390625 0.1265625 0.046875 0.0703125
0 0.64765625 0.1421875 0.0625 0.1234375
0 0.75390625 0.17578125 0.0328125 0.0796875
0 0.5140625 0.29140625 0.05 0.0796875
0 0.2625 0.6 0.0625 0.0796875
0 0.18046875 0.81015625 0.178125 0.11875
0 0.1484375 0.96484375 0.071875 0.0703125
0 0.48046875 0.90625 0.06875 0.1390625
0 0.5453125 0.7515625 0.0703125 0.1078125
0 0.59453125 0.60390625 0.0828125 0.0953125
0 0.1234375 0.2984375 0.08125 0.134375
0 0.3296875 0.6234375 0.0453125 0.0921875
0 0.015625 0.38359375 0.03125 0.04375
0 0.0859375 0.56953125 0.071875 0.084375