0 0.33046875 0.47578125 0.0921875 0.3546875
0 0.25 0.7734375 0.315625 0.215625
0 0.103125 0.6171875 0.03125 0.0125
0 0.3078125 0.9359375 0.0578125 0.071875
0 0.20234375 0.503125 0.14375 0.2859375
0 0.39765625 0.14765625 0.0921875 0.20625
0 0.40390625 0.57265625 0.0421875 0.1609375
0 0.0578125 0.89375 0.0796875 0.1546875
0 0.103125 0.04140625 0.05625 0.0515625
0 0.01640625 0.64140625 0.0328125 0.0671875
0 0.7109375 0.30859375 0.115625 0.1296875
0 0.653125 0.91953125 0.0515625 0.071875
0 0.7546875 0.04140625 0.046875 0.078125
0 0.88203125 0.08203125 0.0484375 0.1328125
0 0.83515625 0.3828125 0.05625 0.1421875