0 0.2078125 0.10859375 0.0859375 0.0546875
0 0.2734375 0.23984375 0.09375 0.1484375
0 0.09609375 0.6265625 0.146875 0.1953125
0 0.19140625 0.45703125 0.078125 0.08125
0 0.0765625 0.4953125 0.0546875 0.0609375
0 0.54296875 0.3609375 0.078125 0.0921875
0 0.3828125 0.32421875 0.065625 0.0546875
0 0.3796875 0.4328125 0.0703125 0.1296875
0 0.4984375 0.58203125 0.0515625 0.0734375
0 0.46484375 0.42890625 0.05 0.10625
0 0.62578125 0.45546875 0.0796875 0.0671875
0 0.596875 0.84453125 0.0734375 0.0796875
0 0.6734375 0.80703125 0.0453125 0.0828125
0 0.41484375 0.8015625 0.090625 0.09375
0 0.4828125 0.74140625 0.065625 0.140625
0 0.3671875 0.56875 0.1046875 0.1
0 0.303125 0.4328125 0.0734375 0.1359375
0 0.26484375 0.5890625 0.090625 0.10625
0 0.2546875 0.7109375 0.1 0.08125
0 0.39609375 0.68984375 0.1046875 0.0859375