0 0.6078125 0.1796875 0.078125 0.2484375
0 0.70234375 0.0921875 0.071875 0.1796875
0 0.78359375 0.36171875 0.16875 0.24375
0 0.22265625 0.09921875 0.0578125 0.121875
0 0.403125 0.66953125 0.1375 0.1546875
0 0.20703125 0.48046875 0.0578125 0.0796875
0 0.3421875 0.48671875 0.0625 0.0890625
0 0.40546875 0.178125 0.078125 0.1359375
0 0.51484375 0.146875 0.096875 0.271875
0 0.1109375 0.75078125 0.10625 0.1421875
0 0.36015625 0.0375 0.0828125 0.075
0 0.45390625 0.4078125 0.0484375 0.090625
0 0.18515625 0.59453125 0.071875 0.121875