0 0.6703125 0.2203125 0.0671875 0.0609375
0 0.3734375 0.246875 0.075 0.04375
0 0.715625 0.646875 0.0625 0.1171875
0 0.52265625 0.8546875 0.0671875 0.0578125
0 0.6328125 0.8234375 0.05 0.053125
0 0.196875 0.55 0.0421875 0.0390625
0 0.26796875 0.50859375 0.075 0.0625
0 0.271875 0.675 0.0703125 0.0828125
0 0.77578125 0.56015625 0.0703125 0.0671875
0 0.5828125 0.1203125 0.0578125 0.0375
0 0.46484375 0.11484375 0.1421875 0.040625
0 0.5828125 0.246875 0.075 0.034375
0 0.37109375 0.63828125 0.0453125 0.0265625