0 0.3875 0.11015625 0.1359375 0.1875
0 0.7296875 0.09375 0.1953125 0.1875
0 0.90625 0.10859375 0.1625 0.2171875
0 0.534375 0.04375 0.1359375 0.075
0 0.81953125 0.30234375 0.3484375 0.2375
0 0.7875 0.55 0.4046875 0.246875
0 0.78515625 0.81484375 0.4296875 0.2671875
0 0.26171875 0.72265625 0.1359375 0.221875
0 0.5 0.61875 0.175 0.271875
0 0.334375 0.55234375 0.140625 0.134375
0 0.20859375 0.58359375 0.0890625 0.0625
0 0.09609375 0.21875 0.05625 0.1
0 0.5296875 0.20859375 0.09375 0.0921875
0 0.39609375 0.84140625 0.1109375 0.125