0 0.4671875 0.41875 0.0859375 0.1140625
0 0.5671875 0.47109375 0.03125 0.0640625
0 0.684375 0.6484375 0.1578125 0.0859375
0 0.803125 0.8421875 0.05 0.1140625
0 0.51328125 0.940625 0.05 0.09375
0 0.3890625 0.953125 0.053125 0.09375
0 0.42734375 0.7859375 0.053125 0.0875
0 0.03828125 0.12578125 0.0390625 0.084375
0 0.49921875 0.184375 0.0328125 0.0640625
0 0.26796875 0.91640625 0.040625 0.0578125
0 0.1046875 0.68359375 0.0875 0.1109375
0 0.66328125 0.04921875 0.0453125 0.059375
0 0.9171875 0.303125 0.0640625 0.1953125
0 0.68125 0.4890625 0.13125 0.2171875
0 0.73984375 0.16015625 0.1078125 0.14375
0 0.9296875 0.1171875 0.121875 0.16875
0 0.859375 0.5953125 0.0984375 0.2640625
0 0.6421875 0.81015625 0.171875 0.228125
0 0.83984375 0.3125 0.0484375 0.0875
0 0.1921875 0.83359375 0.0953125 0.1484375