0 0.2921875 0.08359375 0.1171875 0.1375
0 0.065625 0.165625 0.040625 0.0625
0 0.03984375 0.290625 0.04375 0.10625
0 0.14375 0.325 0.025 0.059375
0 0.08359375 0.47265625 0.040625 0.0609375
0 0.07265625 0.59765625 0.0625 0.046875
0 0.52578125 0.390625 0.0625 0.05625
0 0.45546875 0.428125 0.0390625 0.0515625
0 0.37578125 0.396875 0.028125 0.04375
0 0.3375 0.278125 0.046875 0.0421875
0 0.275 0.2078125 0.040625 0.0359375
0 0.40546875 0.165625 0.028125 0.0515625
0 0.4984375 0.1890625 0.0234375 0.05625
0 0.62265625 0.1546875 0.046875 0.03125
0 0.5625 0.1078125 0.0265625 0.0390625
0 0.63203125 0.0984375 0.0421875 0.0390625
0 0.9328125 0.04140625 0.1328125 0.0828125
0 0.66484375 0.47578125 0.0390625 0.0578125
0 0.54375 0.47578125 0.028125 0.046875
0 0.940625 0.284375 0.05 0.1296875
0 0.7375 0.1921875 0.0546875 0.0765625
0 0.57109375 0.65546875 0.078125 0.059375
0 0.80625 0.70859375 0.0546875 0.0796875
0 0.8109375 0.86640625 0.0984375 0.0671875
0 0.33828125 0.928125 0.1265625 0.1046875
0 0.5515625 0.88203125 0.140625 0.096875
0 0.92578125 0.9734375 0.0671875 0.05
0 0.2109375 0.078125 0.0203125 0.034375
0 0.39296875 0.0265625 0.034375 0.03125
0 0.26484375 0.5171875 0.040625 0.0609375
0 0.415625 0.61875 0.0078125 0.025