0 0.40703125 0.415625 0.1984375 0.2640625
0 0.58203125 0.5890625 0.1109375 0.1453125
0 0.85390625 0.4 0.06875 0.11875
0 0.76796875 0.6625 0.0734375 0.1140625
0 0.821875 0.75546875 0.03125 0.1
0 0.39609375 0.73359375 0.0859375 0.1
0 0.265625 0.79453125 0.0625 0.053125
0 0.2375 0.62890625 0.046875 0.059375
0 0.47890625 0.6640625 0.121875 0.225
0 0.659375 0.1875 0.08125 0.153125
0 0.58515625 0.29140625 0.0421875 0.0640625
0 0.75625 0.3625 0.05625 0.10625
0 0.84453125 0.2359375 0.109375 0.0921875
0 0.69609375 0.071875 0.1125 0.0859375
0 0.81796875 0.5484375 0.153125 0.171875
0 0.63828125 0.7515625 0.190625 0.2078125
0 0.428125 0.8625 0.2515625 0.159375
0 0.85 0.87890625 0.05 0.0671875
0 0.725 0.93046875 0.121875 0.078125