0 0.60625 0.3375 0.05 0.0765625
0 0.67890625 0.27734375 0.040625 0.071875
0 0.7609375 0.03125 0.04375 0.0625
0 0.85 0.36875 0.028125 0.071875
0 0.37890625 0.82734375 0.0625 0.1125
0 0.1578125 0.67265625 0.025 0.09375
0 0.08984375 0.93984375 0.128125 0.059375
0 0.328125 0.85234375 0.0484375 0.1015625
0 0.3984375 0.29375 0.05625 0.078125
0 0.10078125 0.13828125 0.08125 0.15625
0 0.046875 0.296875 0.0390625 0.0609375
0 0.51484375 0.13828125 0.121875 0.1734375
0 0.09609375 0.8328125 0.171875 0.13125
0 0.51953125 0.42265625 0.0390625 0.0578125