0 0.76796875 0.56953125 0.0984375 0.0703125
0 0.79375 0.328125 0.0625 0.0734375
0 0.63671875 0.525 0.1609375 0.1125
0 0.58984375 0.6625 0.165625 0.14375
0 0.74453125 0.71796875 0.1296875 0.146875
0 0.5 0.73515625 0.078125 0.0890625
0 0.646875 0.7859375 0.1296875 0.0734375
0 0.3890625 0.69296875 0.15 0.16875
0 0.24453125 0.63125 0.0671875 0.05
0 0.70859375 0.38046875 0.11875 0.0734375
0 0.603125 0.425 0.0875 0.0703125
0 0.7734375 0.84375 0.078125 0.078125
0 0.52578125 0.8109375 0.071875 0.0578125
0 0.95078125 0.2703125 0.0984375 0.078125
0 0.68828125 0.9 0.0828125 0.046875