0 0.6375 0.23515625 0.3015625 0.20625
0 0.45234375 0.18671875 0.0765625 0.05
0 0.38984375 0.296875 0.2109375 0.14375
0 0.334375 0.4765625 0.2359375 0.2265625
0 0.47890625 0.5765625 0.0953125 0.1734375
0 0.54765625 0.41640625 0.1546875 0.04375
0 0.8609375 0.2015625 0.0984375 0.090625
0 0.8671875 0.03984375 0.1125 0.05625
0 0.1359375 0.4265625 0.1375 0.1203125
0 0.28203125 0.746875 0.0953125 0.1
0 0.14609375 0.8296875 0.184375 0.10625
0 0.1734375 0.6515625 0.0859375 0.1359375
0 0.3265625 0.6453125 0.0984375 0.103125