0 0.59453125 0.50703125 0.1203125 0.1671875
0 0.66875 0.075 0.0546875 0.0796875
0 0.57890625 0.084375 0.1140625 0.16875
0 0.48203125 0.21640625 0.11875 0.146875
0 0.39296875 0.3140625 0.0578125 0.0875
0 0.49453125 0.4765625 0.065625 0.1734375
0 0.64765625 0.39609375 0.1328125 0.1734375
0 0.7625 0.7921875 0.1875 0.29375
0 0.6078125 0.7390625 0.1140625 0.29375
0 0.490625 0.6953125 0.1 0.2390625
0 0.40546875 0.6625 0.0734375 0.128125
0 0.27578125 0.3140625 0.034375 0.084375
0 0.4640625 0.034375 0.0421875 0.06875
0 0.89921875 0.74609375 0.0390625 0.0828125
0 0.83984375 0.73671875 0.046875 0.09375
0 0.71796875 0.59140625 0.0671875 0.08125
0 0.7828125 0.2703125 0.0578125 0.075
0 0.7875 0.13828125 0.034375 0.0671875