0 0.5484375 0.16171875 0.0765625 0.090625
0 0.2125 0.33203125 0.075 0.0703125
0 0.1671875 0.59453125 0.0703125 0.0859375
0 0.246875 0.76640625 0.071875 0.0671875
0 0.42578125 0.4875 0.1203125 0.0828125
0 0.40390625 0.38203125 0.096875 0.115625
0 0.5125 0.31328125 0.0875 0.0609375
0 0.59921875 0.6296875 0.0828125 0.184375
0 0.7484375 0.7015625 0.075 0.09375
0 0.74453125 0.225 0.059375 0.103125
0 0.7921875 0.484375 0.028125 0.13125
0 0.446875 0.221875 0.090625 0.14375
0 0.4828125 0.74453125 0.11875 0.096875
0 0.37890625 0.83203125 0.0875 0.1671875
0 0.63984375 0.8546875 0.1453125 0.1828125
0 0.51171875 0.89921875 0.1109375 0.115625
0 0.10859375 0.83359375 0.11875 0.090625
0 0.26796875 0.64375 0.10625 0.1140625
0 0.47421875 0.62265625 0.13125 0.09375
0 0.690625 0.3625 0.0546875 0.0859375
0 0.765625 0.340625 0.0515625 0.0578125
0 0.375 0.659375 0.0796875 0.146875
0 0.59921875 0.290625 0.053125 0.0765625
0 0.53125 0.5015625 0.034375 0.0640625
0 0.7484375 0.59921875 0.08125 0.0828125