0 0.4484375 0.4 0.103125 0.2296875
0 0.63515625 0.0828125 0.1171875 0.15
0 0.55703125 0.2796875 0.1234375 0.2109375
0 0.3515625 0.3953125 0.09375 0.2703125
0 0.45703125 0.9203125 0.0671875 0.1109375
0 0.41796875 0.6671875 0.096875 0.1359375
0 0.4015625 0.81015625 0.0640625 0.075
0 0.246875 0.37734375 0.0609375 0.090625
0 0.5 0.1671875 0.0296875 0.009375
0 0.4453125 0.2203125 0.1 0.1203125
0 0.33203125 0.2125 0.1234375 0.1
0 0.50859375 0.6 0.046875 0.090625
0 0.6 0.8828125 0.0359375 0.1046875
0 0.51015625 0.82734375 0.0828125 0.0703125
0 0.4046875 0.5703125 0.1578125 0.115625
0 0.5515625 0.4546875 0.0828125 0.0859375
0 0.66328125 0.2671875 0.0734375 0.1453125
0 0.23359375 0.48515625 0.0765625 0.0953125
0 0.33671875 0.8453125 0.04375 0.0796875
0 0.36171875 0.9546875 0.096875 0.065625
0 0.73828125 0.73984375 0.046875 0.0953125