0 0.4625 0.1484375 0.0796875 0.0890625
0 0.28203125 0.50390625 0.1109375 0.0734375
0 0.18671875 0.3203125 0.103125 0.1546875
0 0.2109375 0.67265625 0.0578125 0.121875
0 0.37890625 0.634375 0.0640625 0.0625
0 0.16171875 0.53125 0.0984375 0.175
0 0.5875 0.8515625 0.0484375 0.0390625
0 0.51015625 0.634375 0.0515625 0.059375
0 0.56484375 0.4375 0.05 0.0484375
0 0.396875 0.46171875 0.0484375 0.0359375
0 0.32578125 0.6671875 0.20625 0.246875
0 0.2328125 0.834375 0.153125 0.0984375
0 0.4203125 0.8390625 0.1296875 0.1