0 0.58984375 0.2796875 0.0765625 0.1203125
0 0.428125 0.1734375 0.1734375 0.16875
0 0.28984375 0.06875 0.04375 0.071875
0 0.321875 0.22421875 0.0390625 0.0890625
0 0.325 0.60703125 0.0265625 0.04375
0 0.43203125 0.48671875 0.1734375 0.1515625
0 0.5796875 0.7 0.1296875 0.1328125
0 0.70859375 0.5046875 0.0703125 0.084375
0 0.48515625 0.32890625 0.084375 0.134375
0 0.73828125 0.23125 0.0765625 0.0984375
0 0.646875 0.43984375 0.05 0.0671875
0 0.70859375 0.38671875 0.04375 0.05
0 0.60703125 0.53984375 0.1203125 0.0890625
0 0.56328125 0.42890625 0.09375 0.05
0 0.53828125 0.86640625 0.0765625 0.053125
0 0.6484375 0.81796875 0.0703125 0.084375
0 0.4953125 0.6 0.0796875 0.0796875
0 0.44140625 0.69140625 0.04375 0.0765625
0 0.31796875 0.8 0.0609375 0.053125
0 0.45703125 0.8203125 0.0609375 0.0765625
0 0.275 0.4578125 0.0765625 0.1078125
0 0.26328125 0.2375 0.0328125 0.0453125
0 0.3953125 0.3265625 0.090625 0.1421875
0 0.61328125 0.16640625 0.04375 0.053125