0 0.63046875 0.65625 0.1140625 0.0890625
0 0.78671875 0.72734375 0.20625 0.128125
0 0.828125 0.6234375 0.0796875 0.090625
0 0.621875 0.7390625 0.0828125 0.0609375
0 0.353125 0.609375 0.0765625 0.0671875
0 0.4703125 0.57421875 0.1546875 0.0546875
0 0.29765625 0.63515625 0.0515625 0.0671875
0 0.3203125 0.2390625 0.0859375 0.0375
0 0.30390625 0.2984375 0.0765625 0.03125
0 0.80546875 0.38671875 0.1140625 0.0796875
0 0.66953125 0.81484375 0.103125 0.0484375
0 0.5578125 0.903125 0.146875 0.046875
0 0.73671875 0.6234375 0.0515625 0.0625
0 0.67421875 0.5625 0.034375 0.0453125
0 0.81171875 0.83359375 0.05 0.0546875
0 0.46171875 0.66015625 0.05 0.05
0 0.51953125 0.78359375 0.0375 0.028125