0 0.2734375 0.24140625 0.0890625 0.0734375
0 0.1703125 0.20625 0.065625 0.0703125
0 0.36015625 0.1546875 0.084375 0.0625
0 0.53515625 0.36484375 0.103125 0.103125
0 0.4109375 0.234375 0.065625 0.053125
0 0.39921875 0.6421875 0.1625 0.1078125
0 0.37578125 0.76875 0.1171875 0.1171875
0 0.52109375 0.78828125 0.178125 0.121875
0 0.59140625 0.659375 0.1453125 0.090625
0 0.1078125 0.53828125 0.0421875 0.09375
0 0.2828125 0.57265625 0.0890625 0.0796875
0 0.165625 0.71015625 0.075 0.0765625
0 0.26171875 0.684375 0.075 0.0859375
0 0.2921875 0.83359375 0.084375 0.0765625
0 0.44375 0.88359375 0.153125 0.096875
0 0.1796875 0.5015625 0.0515625 0.0765625
0 0.5609375 0.45859375 0.065625 0.034375
0 0.59609375 0.190625 0.075 0.0453125
0 0.4671875 0.14375 0.046875 0.053125