0 0.584375 0.6140625 0.1375 0.109375
0 0.56015625 0.51875 0.15 0.0921875
0 0.57265625 0.40546875 0.128125 0.0984375
0 0.72890625 0.303125 0.084375 0.0453125
0 0.5703125 0.715625 0.1109375 0.1171875
0 0.4859375 0.6671875 0.06875 0.171875
0 0.62265625 0.8890625 0.0609375 0.0625
0 0.68046875 0.78515625 0.078125 0.1328125
0 0.7234375 0.69609375 0.090625 0.075
0 0.88671875 0.60546875 0.0484375 0.0609375
0 0.7125 0.8921875 0.128125 0.084375
0 0.553125 0.80703125 0.184375 0.103125
0 0.40234375 0.71875 0.06875 0.04375
0 0.70390625 0.4140625 0.1171875 0.0453125