0 0.7046875 0.7546875 0.0578125 0.053125
0 0.80390625 0.7765625 0.0421875 0.0703125
0 0.24140625 0.63515625 0.0578125 0.0765625
0 0.2421875 0.51015625 0.065625 0.090625
0 0.49375 0.5046875 0.05 0.084375
0 0.4953125 0.86015625 0.075 0.096875
0 0.4109375 0.94140625 0.125 0.1171875
0 0.4359375 0.6453125 0.0921875 0.0765625
0 0.33359375 0.44140625 0.0546875 0.0671875
0 0.40625 0.146875 0.0484375 0.0875
0 0.22109375 0.15 0.053125 0.0609375
0 0.2625 0.25859375 0.0609375 0.0765625
0 0.1796875 0.35703125 0.0921875 0.2109375
0 0.0796875 0.68359375 0.0703125 0.1296875
0 0.21875 0.83671875 0.0609375 0.09375
0 0.2359375 0.73828125 0.0421875 0.053125
0 0.3234375 0.8984375 0.053125 0.1734375
0 0.6734375 0.58359375 0.0453125 0.0875