0 0.43046875 0.5546875 0.0703125 0.065625
0 0.54765625 0.69765625 0.096875 0.1453125
0 0.415625 0.77109375 0.0890625 0.0734375
0 0.54296875 0.8109375 0.0734375 0.046875
0 0.18125 0.821875 0.165625 0.20625
0 0.04453125 0.70078125 0.0890625 0.0953125
0 0.29375 0.51484375 0.171875 0.1453125
0 0.534375 0.1515625 0.059375 0.053125
0 0.4734375 0.03515625 0.115625 0.0625
0 0.27890625 0.2328125 0.071875 0.0625
0 0.13046875 0.3984375 0.11875 0.071875
0 0.42421875 0.37890625 0.165625 0.0984375
0 0.42890625 0.24609375 0.096875 0.0859375
0 0.16015625 0.60625 0.23125 0.1453125
0 0.42890625 0.13984375 0.1125 0.0734375
0 0.0625 0.3421875 0.0703125 0.046875
0 0.034375 0.04140625 0.053125 0.053125
0 0.4359375 0.69140625 0.096875 0.0859375
0 0.48671875 0.96484375 0.059375 0.0359375
0 0.63515625 0.7625 0.0359375 0.0953125
0 0.85 0.80078125 0.059375 0.0765625
0 0.26875 0.3390625 0.059375 0.0421875
0 0.71640625 0.20234375 0.0828125 0.046875
0 0.115625 0.50859375 0.065625 0.0296875