0 0.353125 0.17890625 0.1234375 0.09375
0 0.175 0.25 0.2390625 0.1
0 0.26484375 0.35 0.0609375 0.0328125
0 0.35078125 0.24765625 0.0984375 0.0390625
0 0.6875 0.12421875 0.1484375 0.0765625
0 0.4234375 0.03984375 0.046875 0.0265625
0 0.77265625 0.26796875 0.190625 0.103125
0 0.83515625 0.55625 0.1234375 0.1078125
0 0.646875 0.6640625 0.215625 0.2171875
0 0.8359375 0.68515625 0.1953125 0.0859375
0 0.77734375 0.78203125 0.1796875 0.1
0 0.68984375 0.90625 0.0984375 0.059375
0 0.578125 0.934375 0.071875 0.0703125
0 0.22265625 0.6078125 0.05 0.0421875
0 0.165625 0.66875 0.0359375 0.0328125
0 0.4265625 0.934375 0.146875 0.0734375
0 0.6 0.828125 0.0953125 0.0609375
0 0.328125 0.29375 0.05 0.0390625