0 0.50703125 0.0953125 0.221875 0.11875
0 0.45234375 0.25390625 0.25 0.171875
0 0.46640625 0.4265625 0.2 0.1515625
0 0.64921875 0.49296875 0.1828125 0.190625
0 0.6453125 0.3640625 0.1296875 0.0953125
0 0.76640625 0.709375 0.1359375 0.109375
0 0.79296875 0.5375 0.0421875 0.0546875
0 0.86796875 0.48359375 0.0875 0.04375
0 0.9875 0.446875 0.025 0.059375
0 0.34453125 0.23359375 0.0890625 0.084375
0 0.353125 0.13828125 0.0453125 0.0296875
0 0.29765625 0.403125 0.034375 0.0546875
0 0.646875 0.7078125 0.084375 0.0515625
0 0.93671875 0.73515625 0.0625 0.1140625