0 0.19375 0.34375 0.040625 0.05
0 0.190625 0.4421875 0.040625 0.0578125
0 0.16640625 0.59296875 0.128125 0.140625
0 0.27578125 0.6984375 0.115625 0.1453125
0 0.18125 0.73046875 0.0859375 0.109375
0 0.33046875 0.85 0.1140625 0.1578125
0 0.29140625 0.5734375 0.0625 0.0484375
0 0.425 0.621875 0.05625 0.0546875
0 0.4171875 0.72578125 0.1359375 0.1484375
0 0.56640625 0.92578125 0.0765625 0.059375
0 0.6015625 0.2171875 0.0515625 0.0453125
0 0.62890625 0.31640625 0.0421875 0.0546875
0 0.71328125 0.59453125 0.04375 0.0625