0 0.31796875 0.32109375 0.0765625 0.0734375
0 0.2546875 0.37734375 0.0625 0.075
0 0.20546875 0.51953125 0.05 0.0421875
0 0.16875 0.640625 0.090625 0.0859375
0 0.353125 0.65234375 0.2234375 0.203125
0 0.490625 0.69140625 0.0359375 0.0625
0 0.590625 0.90078125 0.0578125 0.0625
0 0.34140625 0.88203125 0.046875 0.0390625
0 0.3484375 0.834375 0.0453125 0.0421875
0 0.634375 0.84375 0.08125 0.0421875
0 0.51015625 0.8625 0.0484375 0.0390625
0 0.41015625 0.90078125 0.0546875 0.03125
0 0.41484375 0.2453125 0.0765625 0.03125
0 0.609375 0.2921875 0.0328125 0.10625
0 0.70390625 0.609375 0.021875 0.0375