0 0.93671875 0.3875 0.0796875 0.0984375
0 0.97109375 0.2921875 0.0578125 0.0734375
0 0.64296875 0.50078125 0.2203125 0.1078125
0 0.39921875 0.365625 0.1359375 0.1140625
0 0.54765625 0.1859375 0.0953125 0.0828125
0 0.92578125 0.78515625 0.0671875 0.075
0 0.49765625 0.6015625 0.290625 0.1796875
0 0.2890625 0.6078125 0.1109375 0.1671875
0 0.6203125 0.34921875 0.2921875 0.196875
0 0.40859375 0.221875 0.1265625 0.165625
0 0.8703125 0.28046875 0.109375 0.0609375
0 0.828125 0.48359375 0.1296875 0.128125
0 0.65234375 0.1265625 0.1359375 0.090625
0 0.88671875 0.20390625 0.1046875 0.0609375
0 0.703125 0.62734375 0.109375 0.1375
0 0.9625 0.54765625 0.0609375 0.0359375
0 0.86796875 0.609375 0.053125 0.0640625
0 0.4875 0.77109375 0.221875 0.125
0 0.6453125 0.7828125 0.090625 0.1515625