0 0.28671875 0.63984375 0.1296875 0.1171875
0 0.3046875 0.32109375 0.0625 0.0375
0 0.18359375 0.4859375 0.0453125 0.0421875
0 0.1765625 0.621875 0.0359375 0.0703125
0 0.3984375 0.7015625 0.0546875 0.0890625
0 0.484375 0.69921875 0.0515625 0.04375
0 0.3453125 0.8625 0.0359375 0.071875
0 0.56484375 0.915625 0.0421875 0.0578125
0 0.38203125 0.59375 0.034375 0.0609375
0 0.29765625 0.409375 0.0390625 0.046875
0 0.45625 0.26953125 0.071875 0.0421875
0 0.63984375 0.303125 0.03125 0.040625
0 0.5796875 0.325 0.0328125 0.034375
0 0.509375 0.34453125 0.0375 0.0375
0 0.73125 0.62890625 0.03125 0.0515625
0 0.60546875 0.48359375 0.0328125 0.05625
0 0.6203125 0.90390625 0.0703125 0.0984375
0 0.425 0.853125 0.05625 0.096875
0 0.4734375 0.96015625 0.065625 0.034375
0 0.21953125 0.41484375 0.021875 0.0359375