0 0.64609375 0.8875 0.08125 0.071875
0 0.56875 0.86953125 0.0625 0.075
0 0.58359375 0.9390625 0.040625 0.0296875
0 0.83203125 0.67109375 0.0765625 0.1328125
0 0.7734375 0.3890625 0.0578125 0.0421875
0 0.85859375 0.43828125 0.034375 0.0609375
0 0.51796875 0.28984375 0.1515625 0.0703125
0 0.428125 0.43828125 0.078125 0.071875
0 0.3265625 0.33203125 0.078125 0.059375
0 0.57578125 0.56015625 0.05625 0.04375
0 0.43359375 0.54140625 0.0578125 0.059375
0 0.67421875 0.65859375 0.0734375 0.0828125
0 0.28515625 0.62734375 0.08125 0.1015625
0 0.7609375 0.6109375 0.04375 0.0421875
0 0.60859375 0.6359375 0.0421875 0.0546875
0 0.36640625 0.284375 0.1171875 0.075
0 0.66953125 0.57421875 0.05625 0.06875
0 0.759375 0.7515625 0.121875 0.096875
0 0.78046875 0.8765625 0.1515625 0.06875
0 0.35625 0.559375 0.0265625 0.0265625
0 0.83671875 0.4953125 0.0265625 0.0328125