0 0.1703125 0.5203125 0.1515625 0.1859375
0 0.36328125 0.62265625 0.1796875 0.1921875
0 0.19453125 0.6953125 0.1546875 0.1171875
0 0.5234375 0.8703125 0.2046875 0.0921875
0 0.35703125 0.78359375 0.1265625 0.0859375
0 0.21328125 0.78203125 0.0296875 0.025
0 0.59140625 0.5203125 0.090625 0.0578125
0 0.20546875 0.340625 0.1171875 0.1546875
0 0.53203125 0.23125 0.128125 0.1421875
0 0.66640625 0.1875 0.125 0.2078125
0 0.25703125 0.19140625 0.078125 0.11875
0 0.31171875 0.29609375 0.0390625 0.034375
0 0.70625 0.60546875 0.0625 0.0984375
0 0.525 0.71953125 0.034375 0.04375