0 0.48671875 0.33125 0.0828125 0.1109375
0 0.6 0.0625 0.0359375 0.0390625
0 0.52890625 0.08671875 0.0578125 0.0453125
0 0.615625 0.22421875 0.040625 0.03125
0 0.78125 0.125 0.078125 0.04375
0 0.53203125 0.17421875 0.0796875 0.0453125
0 0.61328125 0.15859375 0.04375 0.0328125
0 0.46953125 0.2546875 0.0453125 0.0421875
0 0.94453125 0.33828125 0.0578125 0.0609375
0 0.88046875 0.65703125 0.1578125 0.159375
0 0.9078125 0.26484375 0.0484375 0.05
0 0.85390625 0.375 0.0234375 0.0421875
0 0.44765625 0.67265625 0.021875 0.025
0 0.51328125 0.69765625 0.034375 0.04375
0 0.6296875 0.63828125 0.0390625 0.0390625
0 0.58984375 0.575 0.0359375 0.0421875
0 0.75703125 0.74765625 0.0671875 0.071875
0 0.8046875 0.68515625 0.0921875 0.075
0 0.90703125 0.55703125 0.0546875 0.0625
0 0.846875 0.81484375 0.05 0.0515625
0 0.6265625 0.90703125 0.0296875 0.0328125
0 0.30703125 0.56171875 0.0625 0.05
0 0.45859375 0.50078125 0.0359375 0.04375
0 0.3671875 0.64375 0.084375 0.0578125
0 0.48828125 0.65234375 0.040625 0.0375
0 0.71484375 0.8203125 0.0671875 0.0734375
0 0.67421875 0.11796875 0.078125 0.06875