0 0.209375 0.525 0.0546875 0.059375
0 0.2265625 0.64296875 0.171875 0.1640625
0 0.571875 0.9203125 0.0953125 0.059375
0 0.60703125 0.675 0.0421875 0.0265625
0 0.315625 0.52890625 0.0390625 0.0484375
0 0.46875 0.61328125 0.059375 0.1
0 0.3890625 0.73984375 0.146875 0.1421875
0 0.39140625 0.8765625 0.1 0.0828125
0 0.5046875 0.74921875 0.0390625 0.0390625
0 0.4671875 0.1484375 0.0375 0.05
0 0.409375 0.25078125 0.103125 0.071875
0 0.62421875 0.28203125 0.034375 0.0453125
0 0.66640625 0.23984375 0.034375 0.05
0 0.47265625 0.096875 0.0359375 0.04375