0 0.21953125 0.3265625 0.2390625 0.1546875
0 0.10234375 0.18984375 0.0453125 0.0609375
0 0.32421875 0.0609375 0.0765625 0.121875
0 0.35546875 0.22890625 0.0859375 0.0609375
0 0.45546875 0.44375 0.046875 0.0640625
0 0.38515625 0.584375 0.059375 0.0515625
0 0.3734375 0.3578125 0.0609375 0.1078125
0 0.0546875 0.29765625 0.0609375 0.115625
0 0.06484375 0.5078125 0.1296875 0.221875
0 0.22734375 0.5953125 0.075 0.0625
0 0.275 0.4859375 0.30625 0.1515625
0 0.1015625 0.67578125 0.0390625 0.05625
0 0.38515625 0.66484375 0.046875 0.0375
0 0.40546875 0.83515625 0.0640625 0.1359375
0 0.3046875 0.59453125 0.053125 0.0640625