0 0.80234375 0.30625 0.078125 0.078125
0 0.55546875 0.134375 0.046875 0.0578125
0 0.43046875 0.34296875 0.078125 0.1140625
0 0.68046875 0.4296875 0.125 0.09375
0 0.3015625 0.23203125 0.26875 0.1703125
0 0.60546875 0.5078125 0.0828125 0.0671875
0 0.5765625 0.69609375 0.1046875 0.0890625
0 0.309375 0.478125 0.078125 0.05
0 0.1984375 0.47265625 0.0546875 0.0890625
0 0.03984375 0.33515625 0.059375 0.0671875
0 0.1734375 0.05546875 0.1 0.1109375
0 0.565625 0.328125 0.159375 0.1640625
0 0.4484375 0.55625 0.16875 0.190625
0 0.27109375 0.61953125 0.165625 0.0984375
0 0.43984375 0.7140625 0.1578125 0.1125
0 0.32578125 0.9015625 0.0859375 0.0515625
0 0.35390625 0.8140625 0.140625 0.0671875
0 0.675 0.903125 0.0359375 0.0390625
0 0.46484375 0.8859375 0.0953125 0.028125
0 0.5625 0.82421875 0.109375 0.053125
0 0.471875 0.94140625 0.121875 0.0390625
0 0.315625 0.965625 0.06875 0.0328125
0 0.696875 0.96484375 0.0328125 0.0265625
0 0.3703125 0.41640625 0.109375 0.0578125
0 0.6328125 0.20234375 0.04375 0.0359375
0 0.6421875 0.11328125 0.0359375 0.0390625
0 0.92578125 0.26796875 0.0484375 0.046875
0 0.26796875 0.359375 0.2390625 0.0890625
0 0.80859375 0.47421875 0.046875 0.0609375
0 0.621875 0.6015625 0.1140625 0.0453125