0 0.440625 0.4625 0.0828125 0.109375
0 0.6140625 0.65703125 0.0671875 0.10625
0 0.61328125 0.4484375 0.0578125 0.0421875
0 0.74609375 0.74296875 0.10625 0.1421875
0 0.34921875 0.6140625 0.0515625 0.0671875
0 0.54453125 0.73359375 0.0875 0.14375
0 0.36953125 0.9171875 0.128125 0.0921875
0 0.26796875 0.8734375 0.040625 0.06875
0 0.27265625 0.7421875 0.053125 0.0828125
0 0.46484375 0.76953125 0.0375 0.075
0 0.28671875 0.62578125 0.046875 0.0859375
0 0.5546875 0.56171875 0.0421875 0.0859375
0 0.3640625 0.51015625 0.0296875 0.05625
0 0.44609375 0.67890625 0.053125 0.0515625
0 0.70859375 0.521875 0.028125 0.05
0 0.89609375 0.0953125 0.0453125 0.059375
0 0.71953125 0.08203125 0.0453125 0.05
0 0.6390625 0.8078125 0.0515625 0.059375