0 0.79296875 0.4015625 0.084375 0.08125
0 0.33671875 0.21875 0.1890625 0.06875
0 0.5375 0.2359375 0.0890625 0.09375
0 0.6328125 0.47734375 0.19375 0.1609375
0 0.625 0.6296875 0.075 0.0640625
0 0.52890625 0.75078125 0.2296875 0.11875
0 0.31328125 0.70234375 0.0640625 0.0671875
0 0.4109375 0.6296875 0.09375 0.09375
0 0.18125 0.340625 0.08125 0.09375
0 0.31796875 0.11796875 0.2171875 0.1140625
0 0.41640625 0.32578125 0.234375 0.11875
0 0.67265625 0.340625 0.1921875 0.0734375
0 0.6453125 0.17890625 0.0859375 0.06875
0 0.365625 0.49296875 0.1171875 0.1421875
0 0.13671875 0.746875 0.259375 0.1640625
0 0.31796875 0.6359375 0.078125 0.0671875
0 0.17578125 0.596875 0.0953125 0.090625