0 0.52265625 0.27109375 0.1640625 0.228125
0 0.3875 0.26171875 0.096875 0.209375
0 0.37265625 0.5234375 0.1015625 0.1765625
0 0.534375 0.74296875 0.084375 0.1046875
0 0.6140625 0.49765625 0.134375 0.1484375
0 0.69765625 0.36875 0.0828125 0.1046875
0 0.91796875 0.2859375 0.1234375 0.1
0 0.7421875 0.26875 0.0546875 0.0671875
0 0.69140625 0.83828125 0.021875 0.0671875
0 0.61796875 0.81875 0.065625 0.1390625
0 0.66640625 0.70234375 0.065625 0.090625
0 0.73515625 0.47890625 0.0390625 0.0515625
0 0.48984375 0.4734375 0.140625 0.1625
0 0.20546875 0.42109375 0.0453125 0.0625
0 0.36953125 0.3859375 0.1078125 0.090625
0 0.30390625 0.60234375 0.0515625 0.0859375
0 0.41484375 0.73828125 0.1265625 0.090625
0 0.4984375 0.6234375 0.140625 0.11875
0 0.6015625 0.609375 0.0390625 0.0625
0 0.83203125 0.4734375 0.096875 0.0578125