0 0.20625 0.18515625 0.0953125 0.0671875
0 0.42265625 0.10625 0.084375 0.0703125
0 0.42109375 0.02421875 0.0515625 0.034375
0 0.54453125 0.30234375 0.040625 0.046875
0 0.59296875 0.1921875 0.0703125 0.0671875
0 0.32734375 0.2015625 0.0515625 0.0484375
0 0.25625 0.11015625 0.0484375 0.0234375
0 0.1671875 0.30859375 0.0578125 0.0671875
0 0.08203125 0.2859375 0.0421875 0.075
0 0.08046875 0.43125 0.0453125 0.0828125
0 0.2 0.45390625 0.0671875 0.0453125
0 0.403125 0.5859375 0.0515625 0.0484375
0 0.15859375 0.5828125 0.1671875 0.15625
0 0.0765625 0.6515625 0.065625 0.1
0 0.25234375 0.728125 0.1953125 0.11875
0 0.571875 0.65 0.0484375 0.05625
0 0.45390625 0.84453125 0.0453125 0.065625
0 0.51015625 0.8390625 0.05625 0.065625
0 0.42421875 0.659375 0.0546875 0.0421875