0 0.4953125 0.49375 0.1078125 0.075
0 0.42890625 0.2671875 0.21875 0.134375
0 0.17890625 0.06484375 0.0671875 0.0515625
0 0.31796875 0.06171875 0.1078125 0.0453125
0 0.2796875 0.1734375 0.059375 0.0546875
0 0.67421875 0.21640625 0.1328125 0.171875
0 0.5109375 0.09140625 0.0515625 0.0390625
0 0.69296875 0.04375 0.059375 0.040625
0 0.81484375 0.15546875 0.0453125 0.053125
0 0.89921875 0.2203125 0.0328125 0.0609375
0 0.81484375 0.2375 0.04375 0.0546875
0 0.35625 0.4578125 0.1546875 0.2359375
0 0.521875 0.40703125 0.190625 0.109375
0 0.78984375 0.7171875 0.0640625 0.078125
0 0.7 0.603125 0.0453125 0.0515625
0 0.53046875 0.57734375 0.1328125 0.0609375
0 0.4703125 0.6859375 0.096875 0.040625
0 0.67734375 0.40078125 0.0828125 0.121875
0 0.51640625 0.17578125 0.175 0.0703125