0 0.828125 0.5453125 0.1515625 0.0796875
0 0.6625 0.628125 0.0375 0.0390625
0 0.71328125 0.703125 0.0796875 0.0578125
0 0.80703125 0.72578125 0.0859375 0.0734375
0 0.971875 0.5203125 0.0375 0.046875
0 0.96328125 0.4453125 0.059375 0.0390625
0 0.39296875 0.62421875 0.0875 0.096875
0 0.48125 0.86875 0.0890625 0.078125
0 0.7984375 0.8125 0.0671875 0.0859375
0 0.83203125 0.64375 0.2109375 0.0703125
0 0.88984375 0.7140625 0.059375 0.0609375
0 0.6703125 0.28515625 0.0421875 0.034375
0 0.89609375 0.35 0.059375 0.0328125
0 0.83671875 0.30546875 0.0296875 0.065625
0 0.928125 0.4890625 0.05 0.0421875
0 0.58984375 0.82734375 0.0515625 0.0453125