0 0.3 0.44609375 0.109375 0.0921875
0 0.52890625 0.25703125 0.153125 0.0921875
0 0.196875 0.6203125 0.1546875 0.090625
0 0.07578125 0.7140625 0.0890625 0.0515625
0 0.31953125 0.82734375 0.05625 0.0421875
0 0.4625 0.8859375 0.15625 0.0984375
0 0.47421875 0.48515625 0.1109375 0.1171875
0 0.4125 0.3859375 0.253125 0.0921875
0 0.1890625 0.50234375 0.1203125 0.15
0 0.3515625 0.5671875 0.140625 0.075
0 0.31015625 0.6640625 0.11875 0.0671875
0 0.24296875 0.73046875 0.1625 0.0703125
0 0.06015625 0.59296875 0.0765625 0.1296875
0 0.628125 0.78984375 0.0734375 0.078125
0 0.5046875 0.64765625 0.0859375 0.1140625
0 0.484375 0.77265625 0.15625 0.0921875
0 0.375 0.4828125 0.121875 0.0859375
0 0.703125 0.2078125 0.1 0.0765625
0 0.5796875 0.18046875 0.1265625 0.0453125
0 0.15078125 0.91953125 0.0625 0.0578125
0 0.3171875 0.909375 0.090625 0.0625
0 0.22265625 0.8171875 0.09375 0.0625
0 0.63515625 0.66875 0.059375 0.0546875