0 0.39296875 0.7015625 0.071875 0.065625
0 0.26015625 0.678125 0.0515625 0.04375
0 0.275 0.55546875 0.0328125 0.0546875
0 0.3453125 0.5578125 0.0546875 0.075
0 0.5328125 0.5515625 0.05 0.0625
0 0.4484375 0.575 0.084375 0.084375
0 0.32265625 0.74921875 0.0703125 0.05
0 0.3078125 0.48671875 0.059375 0.05
0 0.65625 0.5375 0.05 0.0515625
0 0.7421875 0.52578125 0.0625 0.0578125
0 0.6671875 0.2703125 0.075 0.1046875
0 0.6203125 0.09453125 0.0984375 0.0828125
0 0.79765625 0.240625 0.0375 0.0625
0 0.56953125 0.18671875 0.1390625 0.109375
0 0.5390625 0.4953125 0.0984375 0.0390625
0 0.66015625 0.46171875 0.078125 0.06875
0 0.61953125 0.59765625 0.0515625 0.0578125
0 0.61640625 0.690625 0.065625 0.046875
0 0.51796875 0.86953125 0.059375 0.065625
0 0.675 0.875 0.03125 0.025
0 0.740625 0.6 0.059375 0.0515625
0 0.3125 0.6515625 0.0734375 0.0578125
0 0.2171875 0.53203125 0.0859375 0.10625
0 0.16875 0.7296875 0.0484375 0.0359375