0 0.19921875 0.47890625 0.065625 0.1171875
0 0.29140625 0.5796875 0.028125 0.0390625
0 0.40703125 0.859375 0.0671875 0.10625
0 0.50703125 0.76015625 0.0578125 0.0390625
0 0.23046875 0.8390625 0.0796875 0.0578125
0 0.51953125 0.89765625 0.0734375 0.0578125
0 0.3453125 0.89453125 0.0515625 0.05
0 0.55078125 0.21015625 0.0734375 0.0421875
0 0.4765625 0.1109375 0.0515625 0.0328125
0 0.26875 0.2734375 0.09375 0.0546875
0 0.3703125 0.2125 0.0703125 0.0390625
0 0.1375 0.33984375 0.08125 0.0859375
0 0.1953125 0.6625 0.121875 0.1296875
0 0.38515625 0.76640625 0.0640625 0.0421875
0 0.12890625 0.4578125 0.0484375 0.09375