0 0.40078125 0.378125 0.1796875 0.1609375
0 0.5203125 0.2484375 0.153125 0.096875
0 0.49140625 0.109375 0.071875 0.11875
0 0.41875 0.5484375 0.2625 0.1734375
0 0.48125 0.7078125 0.1203125 0.1140625
0 0.35 0.7296875 0.115625 0.075
0 0.10703125 0.59296875 0.1296875 0.059375
0 0.2296875 0.50078125 0.121875 0.0609375
0 0.2203125 0.31640625 0.19375 0.1125
0 0.25234375 0.6625 0.1 0.059375
0 0.1890625 0.82109375 0.0640625 0.040625
0 0.16328125 0.9078125 0.078125 0.0453125
0 0.296875 0.83203125 0.121875 0.115625
0 0.56875 0.16015625 0.10625 0.0515625
0 0.2625 0.746875 0.0578125 0.0390625