0 0.609375 0.60078125 0.20625 0.1609375
0 0.4875 0.56171875 0.0625 0.1
0 0.3734375 0.56640625 0.03125 0.0484375
0 0.52109375 0.74609375 0.109375 0.1328125
0 0.43671875 0.68515625 0.1109375 0.146875
0 0.5828125 0.85 0.0734375 0.065625
0 0.36015625 0.7140625 0.05 0.046875
0 0.4890625 0.8578125 0.0578125 0.0671875
0 0.41875 0.81875 0.0546875 0.05625
0 0.6546875 0.45703125 0.0859375 0.0484375
0 0.8765625 0.5875 0.0375 0.0515625
0 0.27578125 0.2109375 0.1078125 0.1
0 0.4453125 0.17890625 0.034375 0.0296875
0 0.33125 0.85 0.1 0.075