0 0.93984375 0.38671875 0.0765625 0.0390625
0 0.95625 0.1046875 0.0875 0.05625
0 0.6828125 0.35 0.090625 0.0796875
0 0.43984375 0.4203125 0.0703125 0.0796875
0 0.57109375 0.2 0.1796875 0.10625
0 0.05625 0.33515625 0.0828125 0.1390625
0 0.22109375 0.2953125 0.20625 0.096875
0 0.06171875 0.46796875 0.0765625 0.0890625
0 0.2359375 0.6265625 0.2359375 0.0859375
0 0.77578125 0.81875 0.15 0.15
0 0.48203125 0.646875 0.109375 0.11875
0 0.3125 0.55625 0.153125 0.0765625
0 0.24921875 0.43515625 0.0625 0.096875
0 0.20234375 0.13671875 0.0875 0.059375
0 0.075 0.06484375 0.109375 0.053125
0 0.53359375 0.04296875 0.096875 0.065625
0 0.40546875 0.19296875 0.1 0.0796875
0 0.46875 0.33359375 0.096875 0.0703125
0 0.60625 0.33125 0.0625 0.05
0 0.54140625 0.446875 0.053125 0.04375
0 0.67109375 0.8015625 0.05 0.05625
0 0.525 0.80703125 0.1140625 0.059375
0 0.93046875 0.8015625 0.034375 0.05
0 0.609375 0.54296875 0.0734375 0.0625
0 0.30234375 0.075 0.09375 0.1
0 0.77890625 0.2546875 0.1 0.0421875