0 0.61640625 0.5453125 0.1765625 0.1046875
0 0.45390625 0.55078125 0.05 0.065625
0 0.25390625 0.57421875 0.084375 0.121875
0 0.26015625 0.684375 0.05625 0.0421875
0 0.396875 0.89140625 0.128125 0.109375
0 0.29765625 0.7859375 0.0546875 0.0515625
0 0.6265625 0.88359375 0.08125 0.071875
0 0.65859375 0.65625 0.08125 0.0890625
0 0.4875 0.49140625 0.0703125 0.0484375
0 0.446875 0.27890625 0.0640625 0.0296875
0 0.4046875 0.38984375 0.04375 0.04375
0 0.3671875 0.6953125 0.0875 0.0421875
0 0.55234375 0.82890625 0.0484375 0.0625
0 0.59375 0.72265625 0.0484375 0.05
0 0.76953125 0.80078125 0.078125 0.0375