0 0.5453125 0.3 0.0578125 0.0625
0 0.75546875 0.35 0.1171875 0.084375
0 0.73125 0.61796875 0.128125 0.1171875
0 0.86015625 0.58125 0.05625 0.1109375
0 0.809375 0.46875 0.1171875 0.065625
0 0.29296875 0.68046875 0.0546875 0.0671875
0 0.6296875 0.7640625 0.1546875 0.1359375
0 0.54609375 0.64609375 0.04375 0.0390625
0 0.6296875 0.62734375 0.059375 0.1015625
0 0.41796875 0.9125 0.09375 0.1
0 0.75546875 0.71171875 0.05 0.0578125
0 0.43515625 0.31328125 0.0765625 0.0609375
0 0.50625 0.865625 0.059375 0.0578125
0 0.615625 0.90546875 0.1109375 0.071875
0 0.446875 0.5390625 0.04375 0.0421875
0 0.43984375 0.73125 0.0421875 0.0578125