0 0.31796875 0.18046875 0.0984375 0.1
0 0.23828125 0.06953125 0.128125 0.071875
0 0.11953125 0.14765625 0.1640625 0.1234375
0 0.590625 0.303125 0.0515625 0.0515625
0 0.53046875 0.23671875 0.05 0.0484375
0 0.36796875 0.05625 0.059375 0.0671875
0 0.4703125 0.18515625 0.06875 0.0375
0 0.6 0.6796875 0.1546875 0.165625
0 0.39921875 0.68828125 0.2546875 0.1875
0 0.28203125 0.49453125 0.1546875 0.0734375
0 0.37265625 0.8296875 0.21875 0.10625
0 0.64453125 0.559375 0.0453125 0.0546875
0 0.42578125 0.453125 0.065625 0.0453125
0 0.1578125 0.27734375 0.1234375 0.09375
0 0.4671875 0.11875 0.0875 0.0578125