0 0.45 0.16875 0.0578125 0.0734375
0 0.546875 0.17421875 0.0796875 0.084375
0 0.73203125 0.04296875 0.040625 0.078125
0 0.3953125 0.27578125 0.0625 0.1125
0 0.278125 0.63671875 0.0390625 0.0625
0 0.51015625 0.6984375 0.046875 0.0984375
0 0.6 0.6296875 0.0515625 0.0984375
0 0.465625 0.51171875 0.05 0.071875
0 0.4421875 0.63671875 0.1625 0.1375
0 0.60390625 0.84765625 0.196875 0.15
0 0.29921875 0.74140625 0.034375 0.0515625
0 0.80078125 0.8546875 0.090625 0.05625
0 0.39375 0.53359375 0.0796875 0.078125
0 0.334375 0.63125 0.03125 0.0625
0 0.75703125 0.50546875 0.059375 0.0484375
0 0.278125 0.51640625 0.034375 0.0515625
0 0.6171875 0.55078125 0.034375 0.0375