0 0.51015625 0.73671875 0.05625 0.05
0 0.44296875 0.91171875 0.0484375 0.0484375
0 0.696875 0.87421875 0.159375 0.1125
0 0.53828125 0.90859375 0.0921875 0.05
0 0.8671875 0.5734375 0.065625 0.10625
0 0.9453125 0.5546875 0.0484375 0.0578125
0 0.89453125 0.48984375 0.05 0.046875
0 0.5640625 0.19453125 0.059375 0.0625
0 0.82265625 0.634375 0.1796875 0.0984375
0 0.7 0.6 0.0296875 0.034375
0 0.665625 0.67890625 0.0328125 0.0375
0 0.69140625 0.7828125 0.0640625 0.05625
0 0.87421875 0.72265625 0.028125 0.04375
0 0.77265625 0.796875 0.0359375 0.034375
0 0.3265625 0.68359375 0.0375 0.04375