0 0.5640625 0.71953125 0.1109375 0.1
0 0.7109375 0.590625 0.1359375 0.1296875
0 0.728125 0.721875 0.1375 0.109375
0 0.84765625 0.53125 0.0359375 0.071875
0 0.80234375 0.4671875 0.0796875 0.0671875
0 0.5171875 0.2609375 0.0453125 0.0546875
0 0.75859375 0.359375 0.0671875 0.06875
0 0.68984375 0.3109375 0.05 0.05625
0 0.27578125 0.66328125 0.0765625 0.0609375
0 0.37734375 0.846875 0.05625 0.0375
0 0.6734375 0.83828125 0.0984375 0.109375
0 0.57578125 0.91328125 0.0875 0.0875
0 0.38984375 0.90625 0.1140625 0.0734375
0 0.4796875 0.85234375 0.08125 0.0421875
0 0.5125 0.6375 0.0515625 0.0265625
0 0.60859375 0.625 0.0625 0.0734375
0 0.440625 0.284375 0.040625 0.0390625
0 0.6296875 0.2078125 0.059375 0.0328125
0 0.259375 0.60703125 0.0328125 0.0375