0 0.70390625 0.709375 0.09375 0.0515625
0 0.62578125 0.809375 0.1796875 0.1953125
0 0.528125 0.934375 0.23125 0.0671875
0 0.703125 0.27109375 0.1515625 0.190625
0 0.55625 0.16484375 0.14375 0.175
0 0.40234375 0.1609375 0.065625 0.06875
0 0.36796875 0.3328125 0.0703125 0.0578125
0 0.57109375 0.3046875 0.140625 0.0515625
0 0.2828125 0.58046875 0.0703125 0.0375
0 0.265625 0.74609375 0.0875 0.14375
0 0.32578125 0.88359375 0.0765625 0.0859375
0 0.409375 0.7484375 0.05625 0.0515625
0 0.8203125 0.7109375 0.04375 0.05625
0 0.75 0.815625 0.0578125 0.1046875