0 0.3921875 0.2578125 0.1640625 0.121875
0 0.534375 0.24296875 0.0921875 0.065625
0 0.48046875 0.15390625 0.0640625 0.04375
0 0.7296875 0.34375 0.0734375 0.09375
0 0.84765625 0.34140625 0.04375 0.06875
0 0.36015625 0.403125 0.15 0.0625
0 0.290625 0.7140625 0.196875 0.196875
0 0.14609375 0.6453125 0.0890625 0.090625
0 0.5671875 0.58046875 0.1015625 0.0703125
0 0.4546875 0.69765625 0.0953125 0.1296875
0 0.34453125 0.90078125 0.125 0.0671875
0 0.171875 0.78828125 0.0421875 0.04375
0 0.57578125 0.65546875 0.115625 0.04375
0 0.60546875 0.1953125 0.0796875 0.121875