0 0.33984375 0.51875 0.1078125 0.0859375
0 0.1921875 0.2828125 0.0359375 0.06875
0 0.03515625 0.303125 0.0515625 0.040625
0 0.08203125 0.3953125 0.0578125 0.075
0 0.2578125 0.4640625 0.0515625 0.0375
0 0.23203125 0.56953125 0.059375 0.0546875
0 0.2546875 0.6984375 0.078125 0.1015625
0 0.128125 0.6625 0.109375 0.1171875
0 0.19140625 0.73671875 0.0453125 0.0578125
0 0.09296875 0.7796875 0.084375 0.0796875
0 0.4546875 0.5046875 0.1078125 0.04375
0 0.52109375 0.34609375 0.0375 0.040625
0 0.2109375 0.21953125 0.0453125 0.0453125
0 0.54453125 0.68984375 0.040625 0.04375
0 0.16953125 0.54921875 0.0546875 0.04375
0 0.43984375 0.59296875 0.0984375 0.1015625
0 0.5890625 0.5265625 0.0265625 0.04375
0 0.575 0.3640625 0.021875 0.0453125
0 0.45 0.73125 0.0578125 0.0546875
0 0.5046875 0.89296875 0.071875 0.065625