0 0.46484375 0.5625 0.184375 0.2421875
0 0.55 0.70859375 0.0328125 0.0671875
0 0.4890625 0.80390625 0.04375 0.059375
0 0.49453125 0.70234375 0.06875 0.10625
0 0.4796875 0.3890625 0.0390625 0.0625
0 0.55703125 0.1484375 0.090625 0.0578125
0 0.34609375 0.28671875 0.03125 0.034375
0 0.37578125 0.178125 0.0234375 0.0484375
0 0.33828125 0.4890625 0.0625 0.0703125
0 0.41015625 0.815625 0.115625 0.1
0 0.51484375 0.8890625 0.075 0.0796875
0 0.54375 0.81875 0.0359375 0.0421875
0 0.5546875 0.453125 0.0234375 0.034375