0 0.5453125 0.19921875 0.109375 0.1703125
0 0.23203125 0.153125 0.06875 0.084375
0 0.759375 0.24296875 0.090625 0.065625
0 0.73203125 0.34375 0.059375 0.0484375
0 0.61328125 0.32109375 0.040625 0.065625
0 0.884375 0.671875 0.090625 0.0609375
0 0.64296875 0.52890625 0.0734375 0.0515625
0 0.88671875 0.45546875 0.0828125 0.065625
0 0.340625 0.3640625 0.090625 0.0859375
0 0.48671875 0.3828125 0.1828125 0.0859375
0 0.47734375 0.59375 0.140625 0.11875
0 0.559375 0.77734375 0.209375 0.1703125
0 0.33828125 0.66015625 0.0828125 0.0515625
0 0.259375 0.56328125 0.059375 0.04375
0 0.67734375 0.62734375 0.1328125 0.10625
0 0.87265625 0.58984375 0.078125 0.071875
0 0.215625 0.4765625 0.0546875 0.08125
0 0.31796875 0.515625 0.040625 0.0546875
0 0.72265625 0.746875 0.06875 0.0546875
0 0.9546875 0.79453125 0.0875 0.065625
0 0.834375 0.80234375 0.0953125 0.11875
0 0.64296875 0.4421875 0.11875 0.1234375
0 0.84765625 0.37109375 0.05 0.078125
0 0.96328125 0.35 0.0734375 0.078125
0 0.525 0.4828125 0.1046875 0.0515625
0 0.459375 0.284375 0.05 0.0921875