0 0.56796875 0.4265625 0.0421875 0.0421875
0 0.76015625 0.4734375 0.0421875 0.0453125
0 0.67734375 0.23984375 0.0625 0.0859375
0 0.7359375 0.315625 0.0421875 0.059375
0 0.7671875 0.2546875 0.025 0.0375
0 0.33359375 0.11640625 0.0859375 0.0640625
0 0.4421875 0.05703125 0.028125 0.046875
0 0.6328125 0.1140625 0.034375 0.059375
0 0.60859375 0.3015625 0.046875 0.053125
0 0.484375 0.3953125 0.053125 0.06875
0 0.55703125 0.3703125 0.05625 0.0390625
0 0.68984375 0.4515625 0.05 0.08125
0 0.640625 0.46640625 0.0359375 0.059375
0 0.55703125 0.5484375 0.059375 0.0625
0 0.4484375 0.53359375 0.0171875 0.0265625
0 0.4890625 0.5046875 0.0234375 0.0296875
0 0.67265625 0.53203125 0.159375 0.0703125
0 0.61640625 0.365625 0.0359375 0.0703125
0 0.6796875 0.36015625 0.0375 0.053125
0 0.56875 0.22421875 0.040625 0.0453125
0 0.565625 0.1203125 0.0390625 0.053125
0 0.5984375 0.0796875 0.034375 0.0375
0 0.39921875 0.3046875 0.0421875 0.053125