0 0.7265625 0.69921875 0.05625 0.065625
0 0.76875 0.5640625 0.059375 0.084375
0 0.5671875 0.715625 0.0578125 0.065625
0 0.64921875 0.83359375 0.128125 0.1359375
0 0.653125 0.7 0.0875 0.1234375
0 0.37734375 0.253125 0.0875 0.0546875
0 0.63671875 0.26484375 0.0546875 0.05
0 0.24921875 0.23515625 0.0890625 0.0875
0 0.24140625 0.146875 0.05 0.05
0 0.5015625 0.7 0.0296875 0.0625
0 0.16171875 0.69296875 0.0625 0.0515625
0 0.353125 0.903125 0.0390625 0.06875
0 0.6625 0.34296875 0.0703125 0.0625
0 0.4703125 0.2609375 0.0359375 0.04375
0 0.7546875 0.346875 0.04375 0.046875
0 0.26328125 0.3328125 0.05 0.046875
0 0.7296875 0.63203125 0.0375 0.0484375