0 0.81171875 0.3828125 0.065625 0.06875
0 0.56328125 0.19609375 0.0625 0.0328125
0 0.803125 0.51171875 0.078125 0.1296875
0 0.78046875 0.6703125 0.190625 0.1015625
0 0.5828125 0.66640625 0.1484375 0.1234375
0 0.64140625 0.83359375 0.1109375 0.2046875
0 0.509375 0.95390625 0.065625 0.046875
0 0.55078125 0.86484375 0.078125 0.0515625
0 0.58203125 0.12109375 0.1203125 0.0484375
0 0.27265625 0.58828125 0.05 0.1
0 0.746875 0.5890625 0.115625 0.059375
0 0.453125 0.915625 0.0640625 0.0546875
0 0.33984375 0.67265625 0.0359375 0.04375