0 0.5203125 0.290625 0.1078125 0.0921875
0 0.1796875 0.2125 0.1015625 0.0578125
0 0.2984375 0.22890625 0.0578125 0.075
0 0.76328125 0.67109375 0.065625 0.065625
0 0.72890625 0.4578125 0.0359375 0.05
0 0.5265625 0.646875 0.0515625 0.0484375
0 0.40390625 0.72734375 0.078125 0.04375
0 0.365625 0.6296875 0.046875 0.0359375
0 0.4875 0.9515625 0.0625 0.0546875
0 0.64609375 0.66015625 0.1328125 0.1078125
0 0.6453125 0.8046875 0.103125 0.09375
0 0.546875 0.7453125 0.0890625 0.0703125
0 0.75859375 0.56796875 0.0875 0.0984375
0 0.74296875 0.859375 0.0390625 0.0375
0 0.87421875 0.4078125 0.04375 0.0546875