0 0.56171875 0.3203125 0.059375 0.0328125
0 0.62578125 0.153125 0.03125 0.0515625
0 0.665625 0.24453125 0.028125 0.03125
0 0.246875 0.39765625 0.078125 0.0484375
0 0.278125 0.4703125 0.0640625 0.0546875
0 0.19765625 0.67109375 0.1296875 0.1328125
0 0.25703125 0.7765625 0.0703125 0.0578125
0 0.14375 0.75859375 0.0453125 0.0359375
0 0.41328125 0.91328125 0.159375 0.084375
0 0.503125 0.8546875 0.0703125 0.0578125
0 0.29453125 0.684375 0.05 0.0515625
0 0.39140625 0.63046875 0.0515625 0.034375
0 0.7421875 0.5703125 0.0578125 0.1046875
0 0.56171875 0.54921875 0.046875 0.0609375
0 0.6515625 0.39453125 0.028125 0.0453125
0 0.471875 0.625 0.0421875 0.0515625
0 0.39921875 0.74921875 0.0546875 0.0609375
0 0.34765625 0.80234375 0.04375 0.0625
0 0.2859375 0.34296875 0.0765625 0.0515625
0 0.6265625 0.30546875 0.0546875 0.078125
0 0.57578125 0.73828125 0.040625 0.0234375