0 0.49296875 0.38359375 0.1296875 0.0625
0 0.50078125 0.290625 0.0671875 0.0703125
0 0.546875 0.14609375 0.05 0.0453125
0 0.6578125 0.12109375 0.0859375 0.05625
0 0.48984375 0.46953125 0.1734375 0.084375
0 0.5609375 0.71953125 0.0796875 0.0546875
0 0.7390625 0.7109375 0.1765625 0.1171875
0 0.47265625 0.58515625 0.15625 0.15
0 0.63515625 0.54921875 0.1296875 0.0546875
0 0.80078125 0.609375 0.053125 0.0234375
0 0.9203125 0.56171875 0.134375 0.0359375
0 0.60390625 0.65703125 0.16875 0.0859375
0 0.334375 0.4578125 0.103125 0.090625
0 0.3578125 0.29921875 0.053125 0.05
0 0.5359375 0.203125 0.071875 0.03125
0 0.3609375 0.38046875 0.084375 0.0671875