0 0.6328125 0.42578125 0.1625 0.3875
0 0.5140625 0.2078125 0.0625 0.075
0 0.34296875 0.57265625 0.3421875 0.221875
0 0.1015625 0.4828125 0.1171875 0.121875
0 0.4203125 0.79609375 0.1859375 0.1828125
0 0.4484375 0.40546875 0.2140625 0.2359375
0 0.8984375 0.42109375 0.1203125 0.1671875
0 0.80234375 0.159375 0.05 0.071875
0 0.77421875 0.39453125 0.0421875 0.0921875
0 0.6640625 0.675 0.059375 0.084375
0 0.8 0.8046875 0.0625 0.115625
0 0.55703125 0.6703125 0.0890625 0.0984375
0 0.32890625 0.09921875 0.0453125 0.059375