0 0.2109375 0.43203125 0.0390625 0.0625
0 0.19765625 0.61484375 0.0375 0.0671875
0 0.30546875 0.590625 0.090625 0.1171875
0 0.309375 0.840625 0.225 0.309375
0 0.61796875 0.7484375 0.09375 0.11875
0 0.76484375 0.65078125 0.13125 0.2875
0 0.7796875 0.36875 0.11875 0.2796875
0 0.28984375 0.3453125 0.0421875 0.0859375
0 0.3078125 0.21875 0.0484375 0.078125
0 0.71015625 0.89921875 0.1453125 0.2015625
0 0.13046875 0.45078125 0.0390625 0.109375
0 0.5015625 0.17109375 0.0234375 0.0359375
0 0.62421875 0.171875 0.03125 0.046875
0 0.346875 0.4546875 0.0265625 0.05
0 0.39453125 0.59296875 0.0328125 0.046875